0,767695,1494947,360626,382690,377858,406405,353082,400967,1894571,722475,5517237,5295787,1515718,483780,1731626,279230,5663581,4043748,826686,1748747,6295991,384558,304961,429239,385924,332540,3163661,5695639,428835,485885,813241,294173,835295,409975,1727263,356876,1235539,412704,331853,3081498,357403,366274,486830,484554,660393,402110,292738,338397,12408188,309082,740571,705416,1430926,1066208,380787,314634,276159,3075649,684800,575493,1092242,11305370,5704020,595297,1764212,307007,342636,371562,489218,3134007,5931505,322999,563734,1271648,365807,431001,3181485,365618,940987,2051800,1177007,363891,376484,377909,3113455,442811,546020,401422,409860,839290,1260543,355569,301423,835224,382964,305246,448671,452251,323735,414321,402139,329728,436824,4931656,707397,3029241,3481523,389892,453922,2004283,462322,408746,1402733,431041,315038,5220324,491676,296647,377718
767695,0,1270612,849247,860535,858503,888978,848497,885842,1791896,572586,5280980,5013610,1273185,672849,1486737,780591,5425646,3781435,619791,1563416,6146444,695543,795434,908708,866027,819227,2936206,5429112,909048,961980,686048,796450,596012,889962,1491250,840495,1041772,895351,824756,2875181,848014,877429,966791,962603,606364,693331,790603,824064,12320011,798903,567062,550637,1167543,782317,872672,740009,752102,2880606,594201,633180,906357,11104281,5610487,609356,1582781,759872,828431,856795,669677,2969642,5665660,806746,637769,1054885,853488,688876,2931842,715745,687148,1739471,911008,717086,722523,862328,2825858,920616,628545,883847,915087,623669,1031112,846122,749788,637093,722783,735783,932578,930596,808008,900010,909618,844453,917191,4663497,564778,2825240,3262484,865953,927253,1877096,933955,890517,1188254,912982,806577,4981427,971593,750602,716585
1494947,1270612,0,1568487,1587829,1577337,1618134,1560103,1613900,1386524,1312262,4824870,4569820,1037639,1422081,1073567,1502407,5006998,3351521,1239201,1209316,5831796,1446547,1520686,1644536,1562733,1534955,2628074,5010808,1642164,1705164,1235264,1511870,1248036,1614844,1080966,1546939,1103732,1616439,1532378,2480557,1556686,1602829,1705967,1674693,1334510,1434611,1513937,1538540,11901193,1523447,1304918,1290249,1017091,1153669,1585284,1480305,1486358,2563742,1340707,1381410,1117603,10725691,5259227,1361634,1239009,1488270,1536215,1577357,1418709,2608136,5260512,1535274,1395587,1112781,1571266,1436240,2478252,1453949,1184476,1327257,1101468,1452138,1465961,1578744,2349892,1656422,1386505,1607425,1648371,1241499,1074850,1571450,1484050,1217197,1457993,1478875,1665078,1662048,1524570,1625592,1641822,1560087,1650117,4224539,1309358,2551482,2868150,1563021,1666125,1632954,1675531,1615763,973160,1645590,1530005,4585139,1711055,1488650,1455225
360626,849247,1568487,0,196602,188340,212691,191938,206757,1926477,787199,5551373,5425389,1624328,546916,1827880,332890,5769061,4158084,903830,1841755,6333029,493048,281987,243239,204144,234786,3211141,5788387,214113,292863,878775,293803,940399,221501,1814917,177052,1332467,224854,205927,3175390,175853,208860,293024,289406,746683,501480,288286,195779,12426758,309588,828791,807776,1542094,1157376,197139,409018,376833,3178491,766218,657723,1187230,11373258,5721742,704747,1836830,386239,228104,185106,574610,3232303,6050711,281661,653170,1354530,181109,522195,3274097,472482,1051473,2160482,1279963,469547,462590,188081,3218339,256293,638088,213812,244712,932698,1356235,180035,385995,880052,414066,421846,259485,264945,255277,220489,242565,194498,219876,5038738,811175,3123197,3587945,200874,262568,2055427,273554,223658,1481857,242187,275836,5318966,296686,385169,434476
382690,860535,1587829,196602,0,176338,158449,213720,157491,1935539,840505,5557529,5448269,1646254,605722,1849456,355198,5789635,4178806,930554,1860463,6346073,518638,310965,184393,150322,268440,3217539,5849115,184313,239701,903597,319451,964777,161705,1837233,203384,1351635,162696,233577,3199074,193417,148742,243700,240216,771401,521870,307612,219895,12449082,317692,846773,822954,1567750,1177098,158275,438936,397173,3191249,774944,660953,1210202,11383774,5741714,726211,1851672,398717,256006,186588,593756,3251307,6073767,296759,650822,1366602,183833,547445,3290423,499068,1073467,2183526,1308275,491503,481874,162843,3239365,197149,653456,160002,190540,955406,1376313,196025,394603,929128,444656,440878,204759,208311,283211,167389,187563,210070,191418,5059984,837179,3146689,3612459,152006,206452,2070759,215486,161912,1495501,188211,299110,5333820,246640,404743,451232
377858,858503,1577337,188340,176338,0,193507,205010,186135,1924253,833083,5546075,5436095,1634052,594328,1840168,343118,5784981,4169904,917924,1847749,6338079,510664,291533,213939,170876,253694,3195915,5833059,215987,261331,887423,310491,951947,201673,1825793,187000,1342059,201000,220585,3190612,182259,186036,260806,256904,766425,515524,301612,209455,12436300,311998,844655,817250,1559620,1166946,175013,431996,390137,3183801,777060,660537,1194624,11379980,5734206,716559,1848366,397669,242742,187266,585470,3240541,6067517,293981,645114,1364880,173011,539187,3286893,484648,1068971,2176484,1301077,487603,473094,167613,3236817,225759,648006,187214,215432,942878,1359579,188161,361899,916512,435410,426334,229009,229963,264345,196413,216705,191228,217948,5053428,829909,3136095,3597521,179854,229206,2062907,237670,201782,1495149,217371,291674,5334116,265884,391603,445608
406405,888978,1618134,212691,158449,193507,0,231089,101640,1920296,867504,5577178,5473140,1669287,622913,1873893,381105,5821102,4204689,952649,1876762,6362966,547431,305402,140680,173143,283103,3227890,5869874,133310,187328,885650,345994,962678,118432,1857350,236343,1377388,121997,253996,3222157,213546,142093,191855,187745,788192,547879,329489,247546,12451535,335403,874006,847561,1594073,1198863,182160,463613,425486,3199190,802733,672148,1231661,11407773,5754519,755662,1874231,409326,267689,212951,609691,3274686,6101348,316244,658487,1388477,210564,578910,3323558,529435,1096544,2224087,1337442,521320,510845,190342,3277922,154008,679751,128363,140643,977799,1393418,209358,403562,948985,455897,460027,158134,159414,271892,94030,136352,225805,137855,5083925,866178,3163796,3636134,169297,157103,2084044,167083,124475,1527886,140064,323727,5356341,193319,425046,469065
353082,848497,1560103,191938,213720,205010,231089,0,226715,1935551,818897,5550471,5414825,1611846,573324,1824520,327592,5765979,4148950,897138,1807785,6335187,486416,271171,239193,218210,236922,3205791,5811355,243405,291771,882427,264947,942931,233635,1809651,187298,1319879,235886,197303,3170334,190011,214640,292198,287518,746975,495810,261542,196023,12416758,306920,826429,799324,1539538,1151098,217527,407312,373537,3159601,765188,648065,1156950,11370482,5714462,694713,1839898,378343,229842,205822,566216,3219081,6042703,279155,639614,1349666,202313,523149,3272033,466082,1044251,2156472,1285805,466919,462164,209997,3214845,254073,629168,215370,240480,927692,1347049,158067,377839,904730,425120,405066,256629,260605,256491,234717,238815,174550,245972,5033772,809473,3119801,3581611,212628,262780,2047101,270098,233192,1480137,247575,279424,5311334,296206,378155,434458
400967,885842,1613900,206757,157491,186135,101640,226715,0,1918230,856584,5575578,5468328,1665385,623091,1866721,375509,5811630,4201869,951075,1875058,6358526,541775,306540,153254,172353,277395,3230968,5862484,144472,202852,880300,339888,957840,132244,1851798,228757,1372920,131673,250472,3218627,209398,142249,205201,202249,784158,545713,322549,245196,12451267,329385,868928,845395,1590217,1196007,177580,458421,418978,3198174,796251,669188,1226111,11405455,5754101,750640,1867587,407416,265619,211465,607717,3264360,6100240,311374,659615,1388569,201724,576086,3319176,521867,1095396,2218417,1332526,513694,504811,186478,3270564,167192,674541,123657,156113,969899,1391164,205910,406736,947703,452749,459377,170118,175024,265704,106792,147596,219701,151401,5075107,861490,3161368,3632352,166881,170259,2084090,179293,133155,1520886,154924,317491,5357901,206323,421132,465555
1894571,1791896,1386524,1926477,1935539,1924253,1920296,1935551,1918230,0,1831588,4555726,4401142,1490773,1880883,1374153,1908161,4849516,3193429,1728003,1275772,5682838,1892799,1888590,1963418,1934999,1934167,2478750,4847958,1960280,2004766,1669150,1920310,1753760,1951916,1328474,1935117,1569242,1949235,1932088,2302797,1926648,1939843,2007701,2003953,1848342,1887193,1918891,1933112,11628473,1912591,1833146,1794113,1480015,1681955,1930668,1897075,1896922,2384066,1841735,1852614,1592397,10675141,5017935,1874616,1258043,1883004,1930007,1928569,1878021,2440978,5119682,1924842,1853467,1591095,1926818,1886706,2277234,1895415,1711022,1215033,1616390,1892886,1893003,1929906,2175324,1971546,1879755,1947877,1962657,1756093,1533596,1922830,1871704,1715319,1847685,1887175,1973176,1973682,1894954,1926152,1958252,1917021,1960047,4041785,1842950,2438904,2735080,1930665,1969217,1532878,1983921,1956557,1423016,1964802,1931721,4483865,2010647,1881816,1866811
722475,572586,1312262,787199,840505,833083,867504,818897,856584,1831588,0,5325250,5038024,1289673,601119,1509773,747955,5454138,3801567,643871,1605354,6177778,663337,759484,899866,844783,782675,2970480,5428386,867046,951906,692312,751964,619162,877646,1523698,810171,1061266,875377,797846,2911159,819314,858193,953743,949153,538052,654329,759961,802150,12356109,765039,543636,552683,1203153,821745,842628,699803,717124,2907908,525331,598708,926559,11139703,5655377,552380,1625343,733472,799835,835373,635179,2997758,5687678,777244,598431,1087777,823108,646784,2963354,676197,714652,1798217,935930,679950,681745,831844,2851750,908282,591909,863199,898843,656397,1069450,821236,723338,633875,668741,698319,913180,918950,777324,874396,896868,815005,873179,4685527,485472,2849902,3292290,847239,919227,1897056,925709,870691,1221280,901624,779709,5010245,957253,712534,684563
5517237,5280980,4824870,5551373,5557529,5546075,5577178,5550471,5575578,4555726,5325250,0,2852764,4896285,5448177,4764887,5524229,3126746,3465177,5228671,4695574,4721594,5484867,5531850,5590430,5550003,5547493,3899932,3143046,5588962,5615298,5215188,5534594,5262480,5577894,4735790,5549733,5024546,5577255,5544992,3945771,5542386,5562835,5614579,5611871,5360242,5472107,5527723,5526028,9822405,5521337,5320524,5285977,4925527,5131881,5553212,5508647,5521772,3963130,5340609,5362416,5064029,9406329,3584723,5381436,4692445,5505200,5550145,5546171,5433043,3886220,3388484,5533570,5378045,5042151,5546122,5468950,3975554,5497115,5186918,4583441,5048324,5494582,5492477,5545604,4006300,5595236,5394371,5573831,5592347,5221347,4979006,5538812,5491468,5215129,5453741,5505667,5589478,5596920,5534998,5579690,5581548,5528915,5589351,3051125,5323204,3899608,3725870,5547567,5590457,4878008,5603951,5581635,4872824,5590126,5543537,2878927,5620985,5494418,5468871
5295787,5013610,4569820,5425389,5448269,5436095,5473140,5414825,5468328,4401142,5038024,2852764,0,4617499,5178635,4482761,5294685,3200666,3179035,4972473,4444614,4809122,5212665,5350352,5501876,5449849,5382805,3674864,3237860,5503474,5552882,4978306,5343668,4973122,5477888,4457292,5417479,4763544,5483053,5397964,3676001,5419460,5454393,5553659,5549987,5093482,5213109,5342601,5394268,9997575,5352345,5049624,5030989,4646101,4869989,5449570,5275587,5296364,3706138,5078897,5131902,4816441,9509937,3737385,5101528,4442085,5292602,5397473,5432449,5186999,3647866,3477820,5367220,5148481,4760513,5430610,5197196,3689186,5230707,4917714,4289369,4792976,5229290,5243199,5442516,3721360,5511222,5142933,5470787,5500123,4949011,4706234,5424452,5290032,4975501,5264917,5258937,5518364,5522078,5372490,5484072,5495026,5411035,5503085,2665849,5031980,3626128,3447094,5448505,5517147,4692350,5531125,5474181,4616102,5501794,5364007,3012541,5557451,5259238,5251293
1515718,1273185,1037639,1624328,1646254,1634052,1669287,1611846,1665385,1490773,1289673,4896285,4617499,0,1422272,1134560,1533578,5088769,3413744,1234266,1275275,5914731,1452142,1561941,1664913,1646322,1586406,2670253,5078305,1690013,1744145,1239495,1546025,1234669,1673697,1142949,1615920,1043315,1673894,1599939,2552366,1623109,1660452,1746304,1740456,1329895,1447448,1544440,1598537,12014738,1565714,1295429,1289660,928340,1132572,1647095,1495426,1515045,2624227,1330368,1382055,1077196,10866424,5373288,1348423,1317712,1526151,1598212,1629834,1426390,2659451,5329125,1571797,1391668,1040692,1630821,1438027,2539327,1461600,1180325,1412030,1058693,1464777,1476510,1638803,2408309,1704383,1386426,1638590,1693430,1229984,1008785,1617961,1500767,1223418,1479076,1489098,1708701,1714555,1571789,1671857,1690425,1616064,1695606,4283124,1292871,2618021,2931913,1647942,1713916,1715867,1719306,1672098,954015,1691971,1566062,4629074,1750196,1506097,1474202
483780,672849,1422081,546916,605722,594328,622913,573324,623091,1880883,601119,5448177,5178635,1422272,0,1631940,504024,5572943,3942672,752238,1703519,6268427,409614,512621,653619,608554,538996,3086685,5577033,617453,703285,757189,512859,730133,634385,1666389,573674,1156637,633000,556375,3007918,578215,618972,703446,697854,572061,402672,512282,559487,12382904,523412,650655,623798,1333350,955218,605989,449856,474131,2999003,598806,510777,1026132,11239304,5679086,516693,1691816,481295,552970,591184,404758,3072515,5817491,535139,476026,1191716,583263,390533,3081935,426586,835873,1948172,1069535,428321,438040,598821,2998119,661249,447068,622402,653246,749890,1170163,577229,467291,732536,409620,445276,667351,670371,532711,629707,653491,575262,626536,4830786,596415,2949151,3406229,608698,670692,1959455,678772,626946,1330267,654715,530922,5129086,706990,469965,435734
1731626,1486737,1073567,1827880,1849456,1840168,1873893,1824520,1866721,1374153,1509773,4764887,4482761,1134560,1631940,0,1753632,4963951,3299372,1438524,1193821,5846363,1664186,1775441,1897745,1848402,1795498,2601709,4970563,1896377,1947839,1439641,1765505,1442787,1873063,1027981,1793542,1243897,1878690,1799467,2422676,1799335,1855322,1951052,1939838,1540051,1661430,1765074,1805351,11882518,1773604,1510141,1502604,1148486,1350178,1849067,1710390,1724181,2496321,1541240,1566597,1282318,10754340,5255048,1564539,1201180,1699081,1779326,1834994,1630368,2551051,5196553,1780385,1596050,1262724,1831469,1638263,2396993,1676446,1391081,1281860,1268805,1650777,1689176,1838225,2281269,1908715,1571354,1863174,1902858,1437760,1218915,1828339,1720629,1441764,1697148,1704892,1910057,1890185,1782489,1875941,1893067,1821860,1906700,4159416,1509167,2521695,2815311,1846338,1911766,1665383,1928244,1877636,1122437,1899067,1782282,4543156,1954448,1722051,1692850
279230,780591,1502407,332890,355198,343118,381105,327592,375509,1908161,747955,5524229,5294685,1533578,504024,1753632,0,5690033,4065586,844298,1769107,6308967,399852,280415,399583,355418,304622,3171607,5712837,403401,456871,818131,272589,857675,381149,1725721,323880,1255337,388586,312883,3072488,331449,361588,459290,451788,679775,426736,267100,309231,12394588,280598,753703,719968,1452662,1082764,353165,328962,295163,3077499,709262,591299,1109898,11311788,5713680,620397,1787526,320637,311200,339352,500996,3146755,5952371,294643,575454,1283136,334485,440067,3199211,390424,960483,2067224,1198693,382039,392564,345023,3125071,409529,553242,369164,397352,831034,1251889,334631,318683,850892,391204,342530,415837,419833,290511,384449,390729,321498,406086,4953952,721583,3056159,3474519,354056,421730,2010699,429924,379690,1411619,401571,289234,5234934,464330,283361,386200
5663581,5425646,5006998,5769061,5789635,5784981,5821102,5765979,5811630,4849516,5454138,3126746,3200666,5088769,5572943,4963951,5690033,0,3835953,5391663,4911668,4677748,5595497,5706744,5845196,5797595,5736129,4245324,2998204,5837854,5893980,5386496,5703402,5401328,5823144,4955172,5760357,5189636,5826605,5741292,4246895,5768664,5803607,5871221,5892481,5493086,5595481,5708793,5747034,9710695,5720275,5453892,5443555,5089041,5298261,5789422,5646155,5666034,4281736,5482411,5535302,5236639,9289901,3486911,5515262,4902481,5668730,5736781,5774437,5580605,4197686,3223746,5717306,5546469,5200213,5777892,5585986,4279314,5609417,5340634,4764495,5186972,5612152,5623259,5780972,4298648,5826182,5533417,5810455,5846867,5391839,5162456,5775294,5661648,5376451,5630459,5633311,5857206,5860858,5727982,5827234,5840544,5765875,5847601,3370025,5443956,4187444,4072836,5792387,5863839,5155132,5870877,5816735,5068688,5844104,5716987,3164361,5901145,5659492,5625239
4043748,3781435,3351521,4158084,4178806,4169904,4204689,4148950,4201869,3193429,3801567,3465177,3179035,3413744,3942672,3299372,4065586,3835953,0,3733580,3249895,5144401,3973362,4088511,4231113,4183278,4119226,2570015,3795699,4231203,4293809,3744033,4084947,3744107,4209945,3292991,4145648,3537397,4206342,4122331,2579664,4152439,4191796,4292678,4290540,3840281,3968394,4081180,4134913,10671174,4094442,3811807,3795816,3424872,3637460,4178755,4024060,4048039,2584789,3839224,3895273,3584462,9960644,4244768,3861941,3246040,4053633,4129608,4166786,3936150,2515611,4079889,4102613,3916938,3552344,4156125,3964871,2591111,3998518,3677789,3094096,3568303,3988365,4001072,4171563,2615499,4241203,3900882,4196884,4232850,3741490,3508717,4158321,4037369,3736846,4016784,4013614,4247255,4253523,4107603,4210575,4229913,4147658,4236790,2940206,3798617,2531499,2384845,4181736,4253580,3489321,4263758,4203556,3409301,4232879,4098166,3526656,4300542,4036711,3994056
826686,619791,1239201,903830,930554,917924,952649,897138,951075,1728003,643871,5228671,4972473,1234266,752238,1438524,844298,5391663,3733580,0,1535375,6091649,774906,864171,984015,934326,871762,2896387,5373381,984087,1039863,638185,863455,589979,963599,1446471,900212,1001795,965310,885509,2837172,907599,947382,1041396,1038682,670423,764988,859700,884827,12278796,870214,652099,640778,1136878,740514,927161,813362,834413,2869149,684432,712325,863156,11057046,5543812,684361,1541070,820297,881492,917868,751700,2930479,5633879,872987,725958,1025010,914437,760537,2892573,790396,645791,1702092,865669,792069,793844,925151,2784097,999615,719824,949302,989134,592416,997839,903909,813911,594782,788288,809478,1008365,1005967,867631,965743,983353,898370,987292,4622120,643367,2804187,3218881,932094,1005816,1850775,1016808,961122,1154491,977793,873380,4931124,1047056,825935,786426
1748747,1563416,1209316,1841755,1860463,1847749,1876762,1807785,1875058,1275772,1605354,4695574,4444614,1275275,1703519,1193821,1769107,4911668,3249895,1535375,0,5787070,1716165,1776782,1889216,1859717,1812317,2545200,4903994,1890978,1942278,1521528,1758102,1541794,1877670,1173814,1838199,1371286,1879981,1814176,2365877,1834726,1860925,1940999,1941017,1625038,1714179,1756621,1818788,11774175,1785349,1607228,1576905,1272643,1446657,1859516,1742947,1749604,2439756,1621869,1657004,1372401,10724053,5161281,1633714,1161419,1755116,1823493,1842977,1687905,2505934,5174590,1797092,1660821,1390347,1839880,1704190,2352070,1724029,1492706,1246159,1392540,1722112,1723555,1852204,2233864,1901556,1666111,1867669,1892279,1536279,1337802,1814118,1740734,1519413,1727421,1732317,1906506,1908896,1798864,1878124,1885462,1819223,1895689,4105535,1595680,2470024,2774780,1860581,1909105,1598616,1919915,1877465,1240534,1891926,1799201,4500437,1944033,1744276,1723553
6295991,6146444,5831796,6333029,6346073,6338079,6362966,6335187,6358526,5682838,6177778,4721594,4809122,5914731,6268427,5846363,6308967,4677748,5144401,6091649,5787070,0,6279573,6303984,6379136,6347739,6314641,5336122,4622586,6380470,6418188,6060018,6311172,6139288,6369950,5819818,6338489,5949050,6368865,6322580,5399689,6340130,6352483,6417619,6418845,6194540,6262461,6310903,6326484,9120407,6297985,6179824,6158875,5898257,6046097,6345096,6296661,6298470,5446280,6191877,6213840,5967177,8550247,4590317,6218884,5733391,6275250,6325161,6334501,6242591,5314504,4556516,6315746,6220609,5975033,6335450,6282690,5479332,6289047,6086490,5739331,5981496,6282022,6272717,6345406,5447192,6389720,6241487,6360839,6385225,6116301,5895338,6328608,6280058,6078089,6257019,6298337,6395826,6398792,6315846,6366686,6375060,6326661,6381929,4915267,6185740,5248108,5268380,6341375,6386907,5910086,6405247,6365877,5838978,6375318,6319809,4720689,6420025,6289870,6260901
384558,695543,1446547,493048,518638,510664,547431,486416,541775,1892799,663337,5484867,5212665,1452142,409614,1664186,399852,5595497,3973362,774906,1716165,6279573,0,430407,573637,517694,454014,3115629,5621365,571029,629563,775491,418173,768391,546487,1676283,485870,1168937,552428,460997,3022858,488943,532744,629420,625186,602995,335900,423464,469681,12384730,433838,681033,644434,1359474,983798,517523,353476,372665,3010185,629002,538667,1041610,11256688,5660432,541773,1718970,382561,465002,503550,425332,3090335,5851277,442231,508692,1210914,499243,329743,3101973,325506,857171,1963042,1106321,316809,327682,507037,3028001,579565,472796,537038,576638,768472,1197295,495115,372183,783550,335388,349886,587507,592893,447211,552027,568959,486616,577008,4864766,598799,2960521,3419459,520162,590358,1976353,601820,520350,1339415,574069,440534,5152958,636262,367837,339134
304961,795434,1520686,281987,310965,291533,305402,271171,306540,1888590,759484,5531850,5350352,1561941,512621,1775441,280415,5706744,4088511,864171,1776782,6303984,430407,0,349838,312389,260953,3191844,5739390,342560,401116,810652,236310,856386,336498,1778970,275965,1277310,339267,260886,3126541,282908,322791,404237,400681,699742,440555,232721,260752,12418727,280559,774658,747237,1477401,1102755,312174,352805,317402,3117252,726489,611372,1131029,11329475,5714819,638546,1796943,329606,266393,291075,514851,3170744,5981182,244304,595999,1306209,292114,472880,3222638,406189,990412,2091517,1222034,409112,407379,303558,3151300,362296,576823,333609,350585,887149,1289934,283274,330124,862289,397493,372653,370202,369466,218602,308420,346616,272637,347905,4976545,753600,3076882,3525990,308557,366751,2020818,380921,335057,1437474,351102,242589,5252339,405063,338382,407161
429239,908708,1644536,243239,184393,213939,140680,239193,153254,1963418,899866,5590430,5501876,1664913,653619,1897745,399583,5845196,4231113,984015,1889216,6379136,573637,349838,0,195775,312479,3199042,5898246,99896,145344,931894,369318,1017352,131896,1876832,262649,1399406,142501,280442,3244101,239992,160583,146413,141419,809456,580125,350591,270520,12465905,362961,907858,869533,1616477,1226041,205250,488591,452246,3210242,828413,682650,1251539,11433827,5781305,779698,1903373,433742,299579,235365,634557,3293542,6128286,336482,669747,1414161,234620,609134,3358104,561157,1128332,2246871,1364674,550774,532803,216052,3308304,105210,708127,126651,91081,1005869,1414628,220778,430872,974281,474357,484317,110416,112180,318890,136618,106950,236007,92681,5114681,891508,3189076,3656406,188813,109469,2098526,116595,139395,1554296,98908,341727,5379975,150067,449880,496947
385924,866027,1562733,204144,150322,170876,173143,218210,172353,1934999,844783,5550003,5449849,1646322,608554,1848402,355418,5797595,4183278,934326,1859717,6347739,517694,312389,195775,0,267322,3204857,5847037,190781,234843,906287,319983,968449,171305,1833195,200390,1356119,172872,233863,3191814,184113,162700,237356,205848,771413,525100,311946,225575,12446118,317046,851815,827348,1567892,1176220,160749,442310,401207,3192973,780864,657791,1206440,11363724,5739716,726157,1854154,398351,247380,192830,595220,3251897,6075109,299729,649554,1371256,180315,554289,3299745,501248,1073737,2196812,1308969,490649,482552,164767,3249271,198757,650948,166960,195734,955444,1374953,193649,390707,934716,447728,439140,205057,200801,280717,181785,191287,204542,196534,5065192,841007,3149365,3611381,124736,205938,2072961,213154,173332,1500287,196017,304322,5339122,241678,406087,453344
332540,819227,1534955,234786,268440,253694,283103,236922,277395,1934167,782675,5547493,5382805,1586406,538996,1795498,304622,5736129,4119226,871762,1812317,6314641,454014,260953,312479,267322,0,3222637,5766793,308661,363801,863147,265863,906717,291083,1796189,228454,1293485,291966,212147,3141936,236595,277594,362844,360682,720029,471364,254850,215231,12421460,290422,785459,771568,1507282,1130354,260075,381052,344781,3140129,743684,639681,1153248,11344142,5721874,672567,1814340,349533,204218,249730,535422,3194355,6013979,260425,625282,1329086,248297,490965,3235405,431196,1013907,2117280,1244791,435413,423450,260233,3182041,322443,601422,283926,313026,907102,1325997,236841,350059,881520,413522,386812,328193,328691,233333,292315,304887,233762,311218,5005972,773963,3092955,3550043,263402,330278,2037825,341282,286564,1453813,309349,255952,5280896,366152,348821,418830
3163661,2936206,2628074,3211141,3217539,3195915,3227890,3205791,3230968,2478750,2970480,3899932,3674864,2670253,3086685,2601709,3171607,4245324,2570015,2896387,2545200,5336122,3115629,3191844,3199042,3204857,3222637,0,4219542,3222478,3245686,2876892,3189888,2909106,3228000,2586216,3217207,2766228,3229557,3208084,2033815,3204218,3220915,3247857,3242873,2997984,3108787,3184081,3208762,11081609,3175301,2975288,2958289,2686945,2832183,3214116,3158665,3156318,2054574,2996483,3016898,2779727,10235853,4573311,3016404,2540139,3159222,3216063,3216853,3079599,2040768,4519016,3197272,3032609,2773053,3210342,3101928,2068746,3122393,2861442,2442813,2783054,3122354,3124091,3210676,2065314,3221096,3042401,3203877,3220035,2901263,2729186,3200000,3139014,2878345,3110661,3142845,3222070,3221848,3199248,3222836,3217604,3202891,3225823,3445587,2967580,1973780,2134260,3211939,3220503,2752862,3225439,3229955,2672256,3224750,3199129,3822879,3252403,3150368,3118205
5695639,5429112,5010808,5788387,5849115,5833059,5869874,5811355,5862484,4847958,5428386,3143046,3237860,5078305,5577033,4970563,5712837,2998204,3795699,5373381,4903994,4622586,5621365,5739390,5898246,5847037,5766793,4219542,0,5869660,5948864,5376024,5732800,5377830,5873922,4947352,5804735,5182362,5875437,5776884,4202531,5819484,5861997,5949305,5945753,5500168,5622283,5736619,5790902,9712041,5744191,5451162,5443867,5073455,5261665,5847772,5670413,5687640,4237088,5489249,5558100,5207111,9267907,3487289,5518812,4879087,5700690,5785903,5826743,5592649,4180234,3206008,5753022,5576329,5192495,5830724,5613924,4227574,5638173,5308894,4742143,5185654,5639314,5647133,5836532,4234358,5906696,5563619,5866561,5901161,5371931,5155098,5818004,5681324,5346005,5630925,5667589,5915782,5917090,5757402,5873406,5896460,5811609,5872147,3388817,5452522,4183920,4023300,5846435,5914981,5113410,5927903,5873157,5066652,5899156,5754591,3203079,5953997,5688698,5652911
428835,909048,1642164,214113,184313,215987,133310,243405,144472,1960280,867046,5588962,5503474,1690013,617453,1896377,403401,5837854,4231203,984087,1890978,6380470,571029,342560,99896,190781,308661,3222478,5869660,0,146132,922300,368832,1009920,128518,1875110,258497,1398124,139363,276188,3242677,237448,163299,146979,141059,809352,575567,349993,267496,12465535,358395,906874,869319,1615631,1221945,201066,486565,448758,3210504,820857,679832,1252099,11430539,5777883,775014,1903861,434656,295667,235635,633705,3290456,6123716,332678,668333,1412345,228560,602976,3353024,555541,1125928,2246079,1358956,546958,529849,213852,3305694,106530,705597,151447,102281,1006293,1414898,226008,429588,943275,446587,484761,112366,114558,310922,129808,105268,235531,76497,5110595,891498,3187964,3658380,187285,115055,2100356,124715,140791,1553144,99742,341547,5376913,151333,445188,490967
485885,961980,1705164,292863,239701,261331,187328,291771,202852,2004766,951906,5615298,5552882,1744145,703285,1947839,456871,5893980,4293809,1039863,1942278,6418188,629563,401116,145344,234843,363801,3245686,5948864,146132,0,975372,425086,1077814,185248,1924068,306991,1450166,182755,338938,3290731,288332,207589,49595,51697,860444,629591,412941,330964,12515085,389179,967514,930505,1638763,1281169,253696,536515,475536,3272098,870243,734486,1307335,11495697,5778903,825970,1937699,463392,335403,267497,678805,3344696,6176742,366808,679075,1435787,270926,666136,3402824,573993,1170148,2299213,1418402,599870,568791,258710,3357668,122684,748809,206187,141649,1055115,1458892,271758,479548,1035423,514031,540153,109494,102004,369952,175920,140540,280159,133641,5177491,953490,3236684,3715444,228321,75089,2147570,63513,194437,1612770,141314,364933,5432955,47053,493380,547227
813241,686048,1235264,878775,903597,887423,885650,882427,880300,1669150,692312,5215188,4978306,1239495,757189,1439641,818131,5386496,3744033,638185,1521528,6060018,775491,810652,931894,906287,863147,2876892,5376024,922300,975372,0,838306,641352,917682,1446456,883965,988812,923781,871204,2828075,880322,904785,977971,973311,705474,761183,831585,870962,12229873,831909,703756,686121,1138187,742523,899450,803213,812464,2858774,711403,713270,843469,11042257,5507435,716666,1513451,806408,869815,889377,751541,2915484,5629520,841212,711339,1020835,891228,772910,2896818,790561,639820,1714039,862318,784378,778971,893990,2777260,941360,724589,911025,934311,663601,972280,874436,784830,606097,773727,798137,943376,950332,829244,892410,923132,869315,929677,4622045,693266,2779624,3218892,895267,942635,1794298,957281,925225,1139282,928398,850451,4944649,981861,803126,761121
294173,796450,1511870,293803,319451,310491,345994,264947,339888,1920310,751964,5534594,5343668,1546025,512859,1765505,272589,5703402,4084947,863455,1758102,6311172,418173,236310,369318,319983,265863,3189888,5732800,368832,425086,838306,0,878148,351836,1780298,290621,1275278,348797,270464,3117081,298648,327203,425543,420187,698046,431665,201855,274678,12431159,282201,758740,736965,1472647,1094181,317748,349151,310660,3112290,719837,612570,1095975,11332911,5717935,630646,1790557,329066,275995,306835,507705,3161022,5976162,248028,598937,1302371,304160,466062,3207738,404769,981558,2089471,1214816,401816,397641,310482,3151540,385110,573535,330571,369967,873927,1294926,273632,320366,862323,390489,361591,390306,393934,252302,351554,361226,288713,374031,4969111,742384,3069334,3519348,320001,392947,2020690,401959,350639,1423682,373822,245029,5250185,428103,321526,398085
835295,596012,1248036,940399,964777,951947,962678,942931,957840,1753760,619162,5262480,4973122,1234669,730133,1442787,857675,5401328,3744107,589979,1541794,6139288,768391,856386,1017352,968449,906717,2909106,5377830,1009920,1077814,641352,878148,0,993076,1454634,931689,999730,996269,916950,2845373,940162,978209,1080535,1075989,649792,769805,876903,923916,12329423,889773,613202,606157,1139209,750265,965298,815351,833502,2875936,646875,694438,883491,11084251,5601197,674972,1569305,844090,922235,951991,748681,2935416,5630914,894094,713487,1030279,950586,756054,2910968,788379,649174,1707239,865824,788616,797651,955850,2780166,1028624,701387,984715,1016649,606365,1012668,949190,823816,602001,803423,810115,1036544,1040452,867366,970172,1012300,937691,1015131,4625313,623848,2816850,3242358,968313,1038921,1879892,1049035,995751,1183034,1017724,889517,4936499,1085449,827448,800851
409975,889962,1614844,221501,161705,201673,118432,233635,132244,1951916,877646,5577894,5477888,1673697,634385,1873063,381149,5823144,4209945,963599,1877670,6369950,546487,336498,131896,171305,291083,3228000,5873922,128518,185248,917682,351836,993076,0,1858458,239919,1377772,97715,253010,3222909,211472,149745,188179,177263,785768,547437,333233,247376,12448731,340531,880838,852255,1596191,1203063,178696,467001,428034,3200134,795623,673002,1233387,11406229,5762945,759430,1875475,415450,270727,220691,614899,3271524,6104326,316642,655637,1390447,206960,578754,3329984,532099,1105100,2218505,1342054,523044,506789,185742,3279004,142528,682691,131319,136469,982653,1399848,211222,413992,954069,462287,465257,148734,153572,305762,117788,131098,226527,137597,5076989,867996,3171730,3636450,166303,150167,2088882,162249,125725,1503298,131388,323297,5331815,188667,427964,474667
1727263,1491250,1080966,1814917,1837233,1825793,1857350,1809651,1851798,1328474,1523698,4735790,4457292,1142949,1666389,1027981,1725721,4955172,3292991,1446471,1173814,5819818,1676283,1778970,1876832,1833195,1796189,2586216,4947352,1875110,1924068,1446456,1780298,1454634,1858458,0,1809441,1236822,1857177,1792432,2393967,1802182,1837551,1923927,1919647,1559288,1663163,1772265,1789494,11821215,1768641,1535054,1503785,1150203,1347267,1834730,1722811,1732908,2461854,1546709,1609320,1300851,10749929,5237979,1593878,1194073,1733642,1798331,1819167,1647127,2563872,5196598,1787604,1621275,1258001,1821222,1660938,2399318,1690021,1391846,1269379,1266508,1684522,1700087,1822772,2268862,1885426,1616477,1847265,1876179,1408189,1203984,1817112,1723724,1434447,1698251,1705321,1888984,1893018,1781140,1860592,1866336,1802607,1883707,4155933,1532258,2523688,2788782,1827645,1892253,1636798,1899055,1854563,1121618,1878778,1786191,4532923,1929917,1697220,1690851
356876,840495,1546939,177052,203384,187000,236343,187298,228757,1935117,810171,5549733,5417479,1615920,573674,1793542,323880,5760357,4145648,900212,1838199,6338489,485870,275965,262649,200390,228454,3217207,5804735,258497,306991,883965,290621,931689,239919,1809441,0,1314999,236168,192897,3168336,148819,218836,308352,301248,741845,490042,287470,192421,12418010,303262,819923,797058,1536944,1151882,202205,402326,368657,3171511,759568,628403,1181366,11360178,5713776,691727,1835188,351907,202136,188514,573054,3215137,6034347,278551,654702,1343440,182215,511679,3264343,461624,1038845,2148248,1279429,436139,448890,191523,3205929,268813,605668,226562,258312,924968,1349271,181295,377973,901916,431642,413318,269019,251701,253381,237979,255581,185148,262856,5031468,800983,3120151,3579897,199590,274572,2048665,286284,236812,1474963,261645,271100,5310668,312470,377709,433674
1235539,1041772,1103732,1332467,1351635,1342059,1377388,1319879,1372920,1569242,1061266,5024546,4763544,1043315,1156637,1243897,1255337,5189636,3537397,1001795,1371286,5949050,1168937,1277310,1399406,1356119,1293485,2766228,5182362,1398124,1450166,988812,1275278,999730,1377772,1236822,1314999,0,1376783,1275558,2654793,1322670,1364741,1448523,1444833,1100292,1168165,1272099,1299170,12088253,1282673,1060050,1038653,971931,914435,1354068,1187043,1235972,2717614,1086717,1131008,854099,10921633,5429447,1110916,1384977,1237896,1296813,1337663,1162127,2714456,5421946,1289688,1138757,858119,1337186,1162202,2686462,1186753,921166,1524111,841724,1189056,1196867,1346582,2549060,1409054,1119679,1369645,1404089,999941,827544,1333738,1231990,985627,1202521,1211455,1388140,1410950,1291234,1379396,1395712,1323677,1402089,4401787,1062890,2687442,3048316,1350917,1418449,1757292,1427235,1379563,1036340,1404072,1286863,4745421,1452623,1228758,1201707
412704,895351,1616439,224854,162696,201000,121997,235886,131673,1949235,875377,5577255,5483053,1673894,633000,1878690,388586,5826605,4206342,965310,1879981,6368865,552428,339267,142501,172872,291966,3229557,5875437,139363,182755,923781,348797,996269,97715,1857177,236168,1376783,0,258107,3223270,213727,152846,184004,176174,786307,547332,334032,248631,12456644,342062,879809,851042,1598810,1206028,180607,463710,429693,3203413,794788,677137,1236120,11407994,5762274,756655,1878528,419395,271892,221208,616204,3276809,6106507,312329,659336,1393658,201799,583957,3331285,530308,1102943,2226098,1343571,527285,504596,185961,3279711,145797,682916,131472,142212,982872,1401575,218289,416283,958508,460040,468484,152003,153483,304467,125355,142449,229864,141400,5080598,871917,3170813,3636809,171154,152586,2092553,160006,123572,1504129,144241,325588,5337210,184028,433913,473552
331853,824756,1532378,205927,233577,220585,253996,197303,250472,1932088,797846,5544992,5397964,1599939,556375,1799467,312883,5741292,4122331,885509,1814176,6322580,460997,260886,280442,233863,212147,3208084,5776884,276188,338938,871204,270464,916950,253010,1792432,192897,1275558,258107,0,3148187,204328,244791,338961,334607,722934,469035,260391,177854,12412903,308813,809470,772283,1518049,1137767,236734,362063,349146,3145328,741409,635222,1160107,11344755,5713205,674266,1822705,360688,204971,219287,549493,3178176,5996290,262300,630187,1330013,210488,501872,3245278,441979,999774,2122531,1255752,436760,432059,223194,3187888,287804,607001,247047,278425,911979,1331938,208038,364586,887707,417473,395493,270892,296412,243568,256092,273118,203931,283353,5007137,781988,3104802,3560306,231875,301677,2032838,311497,253495,1454278,278584,259345,5286503,344031,360496,416193
3081498,2875181,2480557,3175390,3199074,3190612,3222157,3170334,3218627,2302797,2911159,3945771,3676001,2552366,3007918,2422676,3072488,4246895,2579664,2837172,2365877,5399689,3022858,3126541,3244101,3191814,3141936,2033815,4202531,3242677,3290731,2828075,3117081,2845373,3222909,2393967,3168336,2654793,3223270,3148187,0,3171393,3206360,3291876,3286398,2934035,3011522,3113984,3146887,11085014,3128614,2901289,2886480,2542808,2748546,3198933,3059218,3074709,1789599,2924568,2972515,2677066,10259786,4590074,2957265,2366828,3079993,3153820,3178710,2998986,2062573,4514147,3129951,2988410,2669310,3178195,3008857,1808687,3037024,2796271,2236072,2672765,3039383,3040390,3188781,1819249,3256621,2968546,3214382,3243840,2813054,2590661,3171711,3073799,2830502,3050398,3057122,3258251,3260637,3137365,3223765,3232295,3164842,3250896,3442868,2893303,1977677,2107393,3197428,3261474,2603013,3269898,3223954,2527955,3244885,3132114,3842966,3298272,3051867,3041202
357403,848014,1556686,175853,193417,182259,213546,190011,209398,1926648,819314,5542386,5419460,1623109,578215,1799335,331449,5768664,4152439,907599,1834726,6340130,488943,282908,239992,184113,236595,3204218,5819484,237448,288332,880322,298648,940162,211472,1802182,148819,1322670,213727,204328,3171393,0,200613,287783,279555,749314,493201,284893,195518,12413931,299239,825590,799247,1538217,1153775,190828,402571,371926,3170464,761531,622350,1182795,11369463,5717191,699026,1839029,353230,197793,180599,575153,3221426,6041728,287574,640323,1343561,170414,522988,3271652,472037,1046120,2154565,1281702,442340,456541,184460,3214250,240582,607409,209611,239031,933879,1355668,180360,386448,907731,435569,407043,240544,225120,260512,216352,233590,183671,242675,5036449,813958,3121338,3581820,183583,251481,2056106,258469,216033,1481056,238746,274013,5313869,293869,382942,433155
366274,877429,1602829,208860,148742,186036,142093,214640,142249,1939843,858193,5562835,5454393,1660452,618972,1855322,361588,5803607,4191796,947382,1860925,6352483,532744,322791,160583,162700,277594,3220915,5861997,163299,207589,904785,327203,978209,149745,1837551,218836,1364741,152846,244791,3206360,200613,0,207652,205542,780815,538488,314644,241331,12443380,320010,862717,834426,1586902,1187686,165081,449730,413993,3189295,788064,666781,1212470,11395588,5751330,741901,1867708,401971,255848,202444,605868,3253763,6084461,301557,652028,1382444,196553,569317,3314419,515046,1084805,2206564,1325101,506627,493340,176771,3263089,168781,666628,140364,139298,963222,1375369,193617,398561,942344,448082,419630,169329,171689,287803,149423,134841,185114,163968,5073890,850195,3149435,3615797,155002,172828,2073537,181242,149604,1517825,161035,315052,5352364,212510,407971,461864
486830,966791,1705967,293024,243700,260806,191855,292198,205201,2007701,953743,5614579,5553659,1746304,703446,1951052,459290,5871221,4292678,1041396,1940999,6417619,629420,404237,146413,237356,362844,3247857,5949305,146979,49595,977971,425543,1080535,188179,1923927,308352,1448523,184004,338961,3291876,287783,207652,0,56092,865843,634310,413960,329603,12516572,391198,968075,930698,1665740,1281994,252771,535450,503127,3272961,876028,736019,1308500,11497370,5805962,827803,1965726,466883,336780,268876,680136,3344441,6175517,371621,705258,1463686,275781,664911,3401555,601488,1170253,2306472,1390561,600537,574090,264795,3351467,97807,750400,207806,143624,1056264,1459381,272953,479697,1036468,514918,540698,109403,104423,373379,178977,142305,281488,133904,5181992,952627,3237945,3717017,227088,100734,2146885,87794,192306,1614219,140875,392406,5434918,49322,493299,548130
