0,301460,864230,135903,163869,158766,174362,136280,179190,801217,363654,3252371,3658896,837364,231660,915527,102994,3536978,2552834,482987,891393,178065,183867,167413,1467392,3087608,191568,226629,316993,99893,449775,1030168,6136628,330881,172131,917821,135536,619851,207262,491679,146416,173919,94055,1208229,107567,153896,224691,295942,87607,134619,96851,296035,1624629,176386,663423,1948148,325512,789854,637306,129948,161091,1251645,201359,190647,5080058,2798240,291115,141773,164996,1131012,3119974,131385,105859,189545,1298744,110715,146597,166108,304790,176666,387451,98070,2608097,87060,167518,196101,197672,103307,171033,197035,372191,1704228,1537546,664584,158242,335953,176965,169407,434495,104032,840215,2679765,183008,121248,230294,112814
301460,0,722092,351443,378259,371986,389090,354322,393106,657793,216224,3100389,3513684,686496,208014,767201,291086,3392672,2402016,341629,745903,241361,397601,382039,1324042,2944060,406330,444259,184055,312741,305685,882624,5997354,190423,386417,769897,350158,479209,424538,339315,361422,387967,309545,1068665,321507,368058,441757,168250,304483,350225,309597,164741,1484499,236876,522039,1796064,183780,647704,486662,262396,252643,1101171,220335,230023,4933116,2658578,172747,356941,380016,985032,2980008,273439,319143,229481,1154716,323915,360597,380908,160730,388048,248075,293932,2466319,298638,249732,410605,411974,316705,384911,413727,224793,1559342,1393198,519438,368966,190081,245033,381227,295409,319556,699587,2541305,397944,336664,447740,282684
864230,722092,0,917437,945745,939242,956586,922362,961304,396755,685626,2732879,3140760,377288,773004,393999,863350,3008112,2016628,605073,387189,811153,967143,948225,954252,2565526,974308,1010539,720429,885475,632713,509528,5617182,714763,954759,405817,915784,513741,991346,595651,929584,956535,879221,704375,893551,937372,1008601,733554,874577,918871,882999,724589,1105343,805650,481559,1398844,711488,407072,496214,832628,816891,716515,793689,798583,4562090,2290702,735783,926127,948858,612458,2612484,842957,891219,796431,770042,896383,930047,950980,721934,957940,667133,864686,2097293,871704,817272,978835,980602,888959,955091,979649,674063,1190274,1026304,488550,941814,704761,815339,950695,636163,889936,362703,2170665,965262,907260,1014204,855470
135903,351443,917437,0,86126,79895,98117,61635,103895,849370,400063,3302572,3706239,880065,275501,962086,145153,3578853,2597949,528706,934306,226842,108776,90510,1510481,3135231,113161,156030,362498,114978,492122,1073153,6182717,375676,95508,961422,61821,661098,137333,538950,69701,95902,122254,1250508,99352,79063,152944,345097,128390,57764,119576,343448,1677768,225751,709458,1999141,366873,835913,683271,181521,215272,1301650,251654,238416,5124237,2847507,334164,67340,90943,1175055,3165355,180304,101578,241256,1349877,94210,74518,91703,355535,100243,433818,146773,2654716,134909,215919,124342,126027,109528,95038,124914,423034,1752893,1583941,712959,89257,381046,223942,94608,479730,108947,888440,2731506,108589,71823,159537,158415
163869,378259,945745,86126,0,50301,54281,84809,58801,875064,439247,3328850,3734127,913633,312093,990114,177543,3613541,2625751,562352,963460,254174,63852,47754,1540527,3164805,70169,111030,388256,145520,524212,1101441,6211759,407188,50298,990442,91739,691888,91453,566956,72193,53334,151124,1278640,129802,59633,108520,373491,157582,89992,148254,374292,1706536,258623,737456,2033285,395349,865931,714953,215083,243254,1331346,282072,267480,5150737,2874283,368202,77112,45763,1204219,3193591,210810,132700,277678,1375911,124842,69804,46883,384171,54025,463808,176105,2683738,163021,242271,76588,78995,138930,50780,76336,451230,1783183,1611677,742865,49725,410634,255534,47648,509958,140205,918524,2760750,62205,103883,114253,189895
158766,371986,939242,79895,50301,0,59838,75890,67940,873563,432970,3324633,3731154,907048,304114,985333,170132,3606736,2620096,555171,958477,251591,72169,49389,1534322,3157888,79652,119443,380163,139563,519189,1095456,6205722,400935,61051,985837,87378,687349,100264,564143,65932,62153,145173,1273055,124029,55086,116459,368846,152087,84537,142213,369465,1700903,252110,733517,2025646,391504,860098,706488,208478,236853,1325187,277619,264013,5147362,2869838,362473,71259,54604,1198584,3188962,205843,128033,272637,1371504,119791,63437,56694,379526,63992,455965,172042,2680721,158888,238056,87343,88972,134465,58149,86609,447189,1776816,1608836,736430,51868,405603,248987,56639,503469,133300,914027,2753535,72400,98458,122994,184848
174362,389090,956586,98117,54281,59838,0,94464,40266,888343,448410,3338553,3747506,924208,320164,1003897,187136,3623292,2635128,571497,974205,266515,49779,46671,1552384,3173316,54676,96293,391657,154745,536087,1111468,6223418,417805,36817,1002277,101748,701395,78290,580735,82480,41479,159895,1287943,139443,72026,93473,383716,166053,100353,158519,384293,1717387,270252,748979,2042714,406852,874938,722360,225426,253471,1339475,292491,280259,5162302,2884152,377169,86601,49902,1215452,3199400,220369,141975,288665,1388544,137603,79451,48686,394906,40208,475431,187822,2692743,173326,253796,63867,65472,148717,45073,63009,462883,1791820,1624608,753420,58880,420913,266493,48603,522663,148238,928313,2772211,47946,116438,100056,201006
136280,354322,922362,61635,84809,75890,94464,0,101714,849063,410724,3303051,3708724,881806,281794,965387,147680,3587880,2597406,533135,938305,229227,106799,83511,1511526,3139654,112308,153139,362641,117155,497147,1074418,6188418,378469,96091,965663,63732,666341,134750,542297,68544,94145,122615,1254183,102189,73374,150815,346988,132373,63873,123491,346513,1677699,231068,713697,2004294,370796,840662,685072,185234,215351,1304697,252093,238791,5126630,2849020,336391,64631,88048,1180072,3166640,182669,101415,244495,1350214,97083,70257,89768,360142,99122,438953,149700,2657915,137956,217730,121903,123500,115291,94469,121303,425457,1756518,1586170,716742,83540,384899,224597,90649,482629,111752,893355,2735703,107264,78214,156686,161182
179190,393106,961304,103895,58801,67940,40266,101714,0,894283,454458,3343577,3750436,928664,326400,1009437,194592,3628578,2641182,577555,979677,270455,39559,50807,1557960,3176988,49496,87865,401721,161437,542665,1115572,6227982,422493,43683,1008077,106866,707015,69786,585617,89076,48283,167023,1296587,145623,75882,84171,391168,171977,105945,163167,390649,1722843,273432,752705,2047960,413948,881110,731732,230568,254759,1346925,295159,283187,5165534,2888176,381437,92547,55600,1220836,3208412,226015,145763,293473,1394542,143221,84951,55810,400278,38896,480563,191782,2700639,181642,259138,54855,56020,153511,50317,55685,467503,1799456,1628450,760280,63236,426151,268733,52941,525959,155298,932527,2774719,40286,123090,91596,204462
801217,657793,396755,849370,875064,873563,888343,849063,894283,0,614959,2776390,3190503,355391,704633,444968,787443,3057295,2062173,536498,428676,738960,898050,882634,1000571,2621135,905003,945576,655108,809614,561370,559895,5666467,636826,886404,453142,846339,454686,925225,536548,861803,885944,808968,753854,819366,867031,943234,657687,803184,847230,810062,657466,1159110,736505,416870,1457017,640805,343333,438041,762105,751284,766916,723480,730508,4616647,2335539,669134,854294,877911,666035,2655545,771860,818862,726934,824355,824852,863088,880303,651559,890081,594592,791595,2146960,798225,743801,913196,915259,815484,883232,914310,608182,1240923,1078879,428653,876169,632624,742514,880640,568712,814395,377772,2223718,896743,835559,948987,782079
363654,216224,685626,400063,439247,432970,448410,410724,454458,614959,0,3069361,3472970,636722,258934,725289,343820,3348600,2360770,299071,707859,297451,459059,441249,1280636,2906910,463158,507549,212679,369611,259639,841606,5960308,197627,448321,735695,406416,439403,488434,307557,421100,449477,368287,1024763,380493,426810,504411,221374,366557,408811,369793,220977,1448145,297114,484781,1757434,200852,608346,451780,323318,312715,1064323,282579,293213,4900388,2618134,226523,418971,442818,940422,2937126,331399,383429,285999,1111458,380827,423485,444984,217180,451270,211589,354970,2429805,360102,307104,475927,478554,378161,446653,476473,187863,1523332,1355680,477366,441454,194459,304505,444651,260967,378654,661091,2506421,460482,393682,511056,344312
3252371,3100389,2732879,3302572,3328850,3324633,3338553,3303051,3343577,2776390,3069361,0,1571261,2753157,3152259,2697084,3239727,1412721,1652649,2984766,2718940,3189910,3349316,3333046,2334387,1302653,3358109,3399778,3101256,3263310,3004888,2632843,4019707,3086338,3338938,2695874,3295061,2897202,3379425,2981550,3310621,3340854,3258298,2502798,3273290,3319387,3395996,3111471,3257352,3303130,3260460,3106974,2225692,3188691,2861236,2016929,3090789,2779767,2885791,3219005,3202068,2476890,3174304,3182596,3008985,1503757,3117572,3310342,3332413,2562935,1282879,3225582,3276346,3178764,2443783,3276280,3314324,3332143,3105061,3341665,3048564,3244713,1601650,3250501,3198145,3365434,3367577,3267760,3336766,3366556,3056306,2183201,2288201,2866829,3328453,3081528,3193744,3335274,3021758,3271067,2747668,1554542,3347975,3289235,3402987,3233811
3658896,3513684,3140760,3706239,3734127,3731154,3747506,3708724,3750436,3190503,3472970,1571261,0,3167912,3563328,3114571,3649938,1387336,2035778,3391851,3128481,3595325,3756791,3737613,2757984,1673502,3763958,3803389,3512325,3669049,3414797,3048180,3763400,3496523,3743207,3113139,3703876,3305317,3784074,3385879,3716206,3744775,3664341,2922611,3677037,3724554,3800369,3524412,3656367,3706125,3668983,3518799,2647715,3593034,3274461,2430466,3500042,3193826,3293406,3622148,3605173,2897457,3580051,3585789,2750666,1889966,3524409,3714357,3738542,2977302,1675800,3627143,3677037,3584093,2858388,3677993,3719289,3738898,3508520,3748280,3453085,3648066,1990401,3655548,3602606,3770185,3773070,3671183,3743421,3770205,3469085,2597804,2700792,3273680,3731558,3494101,3598163,3739555,3426819,3674346,3158499,1943295,3755748,3691320,3807268,3638786
837364,686496,377288,880065,913633,907048,924208,881806,928664,355391,636722,2753157,3167912,0,727756,418611,817584,3035856,2043884,559217,412707,768661,934461,916449,978082,2592488,936552,982455,686483,840777,582673,542166,5641470,663587,923799,435439,882090,476937,962680,557389,896798,923331,841395,734871,856763,904890,978719,689408,840081,885481,843193,690319,1141591,768526,445133,1440114,665962,363950,459786,802208,782281,750177,754641,764913,4590170,2312238,700273,890559,916392,641506,2643228,805023,856361,758073,802012,858281,896477,917554,680046,927206,628299,825928,2130929,831330,777138,950223,951656,850165,922283,948715,636363,1224384,1059964,444214,913038,667675,773505,919043,598003,852874,360157,2202833,934506,869264,985428,815156
231660,208014,773004,275501,312093,304114,320164,281794,326400,704633,258934,3152259,3563328,727756,0,811879,210246,3435536,2448136,385355,796481,165431,331381,313983,1366716,2987836,335310,380195,221655,235971,347245,935666,6044426,227195,318327,820193,277472,523021,360258,393553,294230,320541,239531,1114561,254263,299624,376203,198768,237421,279625,237435,199449,1527829,166846,567705,1848172,227554,697218,536932,195266,179593,1151175,154629,160097,4986566,2704344,188317,289047,314552,1031440,3023578,200895,256643,159789,1202146,254431,294925,314484,204978,324126,293209,221230,2513627,225686,174634,346395,349556,245491,317923,347629,276627,1609018,1443220,569108,309452,239535,171397,317239,342037,248144,745415,2588763,331848,262562,383114,214342
915527,767201,393999,962086,990114,985333,1003897,965387,1009437,444968,725289,2697084,3114571,418611,811879,0,902053,2979313,1983015,648286,375342,852848,1015014,996806,920051,2541073,1022529,1063446,762254,922004,669656,486837,5586477,750112,1001204,371558,957947,559342,1043949,644326,975527,1002880,918838,676544,932098,982391,1060836,769391,916008,962720,920690,770254,1088176,848399,531774,1376617,753693,439239,545689,880357,861434,694510,834110,844382,4535729,2259545,779444,971624,997141,582319,2587301,880936,935886,842424,745049,935440,973382,996167,768109,1004733,710352,905559,2068828,911739,857895,1030066,1033165,927664,1002692,1031440,717780,1167985,1006515,523245,991939,745426,853656,1000792,685160,929069,408872,2140112,1013497,948473,1067209,894257
102994,291086,863350,145153,177543,170132,187136,147680,194592,787443,343820,3239727,3649938,817584,210246,902053,0,3522110,2534244,471629,876523,164589,198817,179327,1451152,3075042,200440,247105,304369,107013,430645,1016718,6125668,314115,187035,902847,147256,604765,227724,479021,160418,187041,108189,1194501,121153,169134,243453,285784,104819,152183,110385,282541,1618155,167878,652321,1938354,310720,779960,623898,125702,156111,1239731,193857,180259,5064220,2789480,278911,157967,182226,1116854,3106178,120703,123643,176649,1288622,121081,163933,182752,294986,189900,376145,98994,2597983,98814,155854,213849,215006,117287,186229,214459,361763,1692014,1525592,652992,178646,321807,163137,185015,427023,118690,831001,2674681,199796,130068,250128,102354
3536978,3392672,3008112,3578853,3613541,3606736,3623292,3587880,3628578,3057295,3348600,1412721,1387336,3035856,3435536,2979313,3522110,0,1900792,3265985,3000991,3474201,3633123,3616507,2612520,1522836,3641604,3681321,3385945,3546323,3290713,2914138,3839744,3371625,3621725,2982405,3579610,3178967,3664254,3269515,3596758,3622215,3545091,2779891,3556007,3603964,3677915,3397374,3538925,3583613,3545211,3394843,2505307,3471070,3148209,2295780,3374376,3062844,3159954,3503200,3486455,2759241,3458479,3467229,2830762,1757648,3400617,3593797,3617698,2846702,1515240,3509641,3557601,3460017,2724102,3559189,3597099,3615604,3388082,3626882,3333943,3528828,1860369,3534836,3481294,3649201,3650362,3553391,3622075,3649769,3337917,2455556,2561752,3146028,3613374,3371451,3477201,3622059,3305599,3553610,3029589,1796031,3631952,3570648,3684036,3519146
2552834,2402016,2016628,2597949,2625751,2620096,2635128,2597406,2641182,2062173,2360770,1652649,2035778,2043884,2448136,1983015,2534244,1900792,0,2278343,1997951,2487481,2645767,2627657,1615644,1470200,2653374,2693591,2400071,2556199,2304317,1919668,4497788,2387733,2633663,1983309,2595088,2190429,2674540,2272891,2607984,2637459,2553799,1784937,2568435,2611206,2691379,2407116,2551421,2597093,2554741,2408251,1508629,2486182,2159021,1285608,2391214,2073122,2177520,2514226,2498577,1761299,2473843,2481087,3486208,1244402,2411069,2606181,2630356,1848496,1531480,2516595,2572909,2476613,1720344,2572935,2609651,2630284,2402906,2639154,2349359,2544622,1026763,2542652,2490158,2661431,2662782,2564923,2634795,2662219,2351551,1447796,1554720,2153070,2624100,2379681,2489821,2631445,2315837,2565868,2038193,1060825,2646754,2581398,2696808,2529244
482987,341629,605073,528706,562352,555171,571497,533135,577555,536498,299071,2984766,3391851,559217,385355,648286,471629,3265985,2278343,0,628688,420008,579638,564686,1193463,2821051,587939,625932,339500,494806,244722,766873,5873087,321718,569332,654282,528367,363022,607145,219308,540125,568862,488532,952388,505180,549155,623788,347405,482722,530978,490352,341744,1362416,419209,401304,1671929,327491,526601,367457,450371,431270,970648,408568,412982,4818323,2535179,352470,538548,562115,864713,2861353,455970,505568,410252,1031279,503388,540738,562005,339051,571893,283140,473429,2351410,480071,426327,593498,595263,500000,566362,595190,291966,1443451,1276687,396521,558235,319122,423132,566524,256158,499187,581868,2419248,579351,513989,630303,466695
891393,745903,387189,934306,963460,958477,974205,938305,979677,428676,707859,2718940,3128481,412707,796481,375342,876523,3000991,1997951,628688,0,829078,982974,968944,941203,2553653,993663,1030248,747960,897350,652432,503613,5608785,732050,974454,396920,933801,551360,1011353,629598,946769,975638,894168,692426,906844,953475,1027312,755833,891872,938152,893650,751374,1100266,825051,519484,1392547,735477,437897,540605,854119,839470,720984,815088,823452,4548281,2275625,762862,942036,967855,600805,2601811,860172,909792,820916,767063,912236,950198,969615,747137,977723,697410,881569,2086604,883955,832299,998800,997361,902246,972806,999674,699530,1193657,1020241,521489,961551,728260,831832,970240,665056,904463,403812,2165268,984465,919727,1034119,870221
178065,241361,811153,226842,254174,251591,266515,229227,270455,738960,297451,3189910,3595325,768661,165431,852848,164589,3474201,2487481,420008,829078,0,276764,258626,1402811,3028805,283015,323102,258960,187102,386190,973171,6076453,264516,264726,859026,223267,557156,303455,428064,237081,264024,180704,1142646,198018,245531,318960,228955,181108,228182,183324,231122,1565570,119613,604468,1886101,265155,729891,574201,140397,125690,1187624,144746,127138,5018657,2741065,226930,232760,256157,1069595,3057755,144708,197804,128126,1235315,197348,237228,260109,242287,267487,327432,167445,2549068,174897,121757,289912,292651,192036,264604,289560,311326,1644329,1479303,601959,253285,272436,119348,259446,378048,196143,779364,2624096,275577,212005,326799,161263
183867,397601,967143,108776,63852,72169,49779,106799,39559,898050,459059,3349316,3756791,934461,331381,1015014,198817,3633123,2645767,579638,982974,276764,0,59316,1561033,3183551,40771,79308,408646,163356,546732,1121331,6233455,426764,48928,1011146,111811,712254,59607,589908,91457,53020,169120,1299736,151760,81155,76584,395169,175600,108638,167734,394894,1727238,279645,757872,2050937,418441,884779,735061,235581,262386,1348612,300906,289674,5171161,2890315,387504,99668,60715,1224093,3212757,231344,150716,299038,1397365,148680,90340,59455,405189,43513,485026,197831,2705896,185287,263839,46600,48613,158542,54736,47338,471212,1803217,1634713,764873,68583,430838,274404,59336,530210,161675,935544,2779620,32699,126561,82719,212073
167413,382039,948225,90510,47754,49389,46671,83511,50807,882634,441249,3333046,3737613,916449,313983,996806,179327,3616507,2627657,564686,968944,258626,59316,0,1544057,3166163,64803,106126,389418,147990,526750,1102815,6216801,410828,46732,995386,96869,694700,86803,569710,74821,48264,155622,1283200,136862,65763,103304,378449,159398,93992,153150,375714,1710074,260517,740946,2034603,398679,868733,716271,215145,244888,1333374,286392,271960,5152481,2878003,367380,80492,43299,1207249,3196107,213600,134522,281236,1381619,128836,71412,44083,386819,49873,468524,181135,2687680,168605,247867,73216,73981,142518,45986,74548,455744,1785045,1616041,746637,51719,414200,257446,42492,514872,143047,921770,2765938,58719,109293,110049,192775
1467392,1324042,954252,1510481,1540527,1534322,1552384,1511526,1557960,1000571,1280636,2334387,2757984,978082,1366716,920051,1451152,2612520,1615644,1193463,941203,1402811,1561033,1544057,0,2183094,1568840,1609673,1323391,1472395,1217965,848072,5227334,1304705,1550735,924451,1510408,1113635,1590348,1196367,1522528,1551437,1471965,727341,1483967,1533036,1606711,1325492,1467327,1513337,1473551,1319893,721701,1399004,1085319,1005182,1307138,1005834,1104746,1430428,1417483,704065,1386625,1396271,4179490,1922620,1329515,1521977,1544150,795894,2232722,1438141,1485397,1388177,665180,1485683,1525391,1544470,1315672,1554280,1259555,1456780,1713705,1461780,1407568,1576747,1579214,1479319,1550337,1578455,1269339,819318,652590,1082196,1539966,1297535,1402493,1547503,1238585,1480622,969999,1787347,1560844,1497736,1612752,1446298
3087608,2944060,2565526,3135231,3164805,3157888,3173316,3139654,3176988,2621135,2906910,1302653,1673502,2592488,2987836,2541073,3075042,1522836,1470200,2821051,2553653,3028805,3183551,3166163,2183094,0,3192456,3228615,2941401,3095727,2848367,2469722,4132156,2928619,3172993,2539493,3131408,2737705,3211588,2821553,3145506,3172587,3092533,2342379,3108251,3153820,3227181,2950232,3091895,3131681,3093923,2944253,2079915,3028080,2704931,1866178,2930142,2626420,2727326,3052464,3037593,2319869,3009635,3018041,3134586,1328304,2956725,3143391,3164800,2403730,1165142,3056967,3107473,3011821,2288526,3110481,3147727,3167364,2941030,3175148,2884509,3077120,1427445,3081946,3033546,3195317,3198946,3101045,3168937,3199959,2893797,2021898,2132020,2705380,3160098,2927625,3029611,3168563,2856613,3102258,2593139,1373839,3184422,3123462,3234270,3070974
191568,406330,974308,113161,70169,79652,54676,112308,49496,905003,463158,3358109,3763958,936552,335310,1022529,200440,3641604,2653374,587939,993663,283015,40771,64803,1568840,3192456,0,67821,413741,169053,550807,1128208,6242104,432885,59477,1021207,120648,719829,48730,598255,101540,60629,178251,1308435,160493,90540,64541,400786,184677,119675,174839,402487,1736325,289022,766235,2063374,426006,894210,742368,244954,270037,1358561,311241,295967,5177358,2900426,395687,107423,68442,1232728,3222418,240219,160069,307107,1406764,156131,97017,70806,412724,52992,490695,203798,2713465,194040,271452,34619,37318,166295,61093,35567,481677,1811110,1638520,773324,76624,438103,282907,67453,537311,168208,945457,2786523,39314,134808,70606,218276
226629,444259,1010539,156030,111030,119443,96293,153139,87865,945576,507549,3399778,3803389,982455,380195,1063446,247105,3681321,2693591,625932,1030248,323102,79308,106126,1609673,3228615,67821,0,453642,211500,593508,1165463,6280591,476012,98224,1059644,159057,760178,37109,638364,139981,97762,218692,1347882,198910,128633,11410,440845,223416,155722,215442,442262,1773910,328423,802820,2098701,466947,932441,780903,284821,305650,1397902,346064,341298,5214709,2936333,432754,144508,108433,1272357,3259017,275460,198066,345316,1445053,196394,137790,106527,449665,92499,530978,239935,2749446,233191,308273,58092,54743,205878,98706,58286,519254,1849805,1679593,812043,115579,477386,321718,104610,576968,204855,983228,2825652,81491,177365,12143,257715
316993,184055,720429,362498,388256,380163,391657,362641,401721,655108,212679,3101256,3512325,686483,221655,762254,304369,3385945,2400071,339500,747960,258960,408646,389418,1323391,2941401,413741,453642,0,321522,305020,879203,5996705,184104,395790,767834,360535,473942,434161,339598,371095,395718,321706,1058902,334764,377127,450240,179559,318076,360540,322040,180452,1480294,259201,520820,1794113,173511,641389,481633,286419,269998,1097130,246486,251346,4933993,2654283,189862,369518,389643,980539,2971801,289592,334488,252030,1146847,337802,372918,390013,179399,398597,242756,307297,2464480,312441,268401,421180,423323,329136,395190,420618,225286,1558259,1388817,515139,386467,185284,263608,394960,295804,331387,693614,2539338,406845,349577,457069,302235
99893,312741,885475,114978,145520,139563,154745,117155,161437,809614,369611,3263310,3669049,840777,235971,922004,107013,3546323,2556199,494806,897350,187102,163356,147990,1472395,3095727,169053,211500,321522,0,457804,1036825,6148873,334246,154258,925156,117329,631312,193507,499274,129333,152902,84484,1214036,91908,135289,207998,306865,88586,119086,82328,308472,1640758,190175,672634,1960137,331221,797995,643037,144075,176676,1264522,215100,202018,5087517,2807387,299026,125906,148967,1139347,3130007,143246,91560,200560,1310795,92968,131028,150015,317315,158257,398694,111547,2617238,97087,176157,179924,182203,86538,152248,180026,384846,1716689,1547869,674159,146527,344680,184180,151640,444702,86663,852222,2693936,164517,102761,214481,122843
449775,305685,632713,492122,524212,519189,536087,497147,542665,561370,259639,3004888,3414797,582673,347245,669656,430645,3290713,2304317,244722,652432,386190,546732,526750,1217965,2848367,550807,593508,305020,457804,0,786845,5900433,284062,536814,679172,492777,386794,572551,241626,509113,536066,458728,977016,467630,514129,590320,310241,452956,496484,457952,305146,1386614,382373,427152,1699111,290493,549107,392281,413693,396014,999860,370910,372950,4839343,2558245,314942,504994,528161,885213,2884197,421798,471058,373848,1054945,471516,510246,530123,301497,539215,246978,441627,2374558,446605,393925,560922,563419,464888,533050,562128,259078,1465823,1299353,418163,525941,288390,389272,534608,218450,464847,600224,2453828,547255,479675,596659,432935
1030168,882624,509528,1073153,1101441,1095456,1111468,1074418,1115572,559895,841606,2632843,3048180,542166,935666,486837,1016718,2914138,1919668,766873,503613,973171,1121331,1102815,848072,2469722,1128208,1165463,879203,1036825,786845,0,5517846,866591,1110853,485627,1071312,675595,1148134,759399,1087030,1110637,1035031,605079,1049481,1090462,1163053,891868,1030785,1076719,1034717,888307,1016887,965672,648965,1304936,871476,564028,660572,992752,980109,626177,952813,961463,4461336,2198370,893269,1082499,1104334,521280,2510462,997175,1046817,958875,676532,1049717,1087259,1104796,882156,1111376,824627,1017700,2000993,1027104,979654,1135307,1135894,1040695,1108943,1133081,838625,1105132,937308,648868,1099928,865699,973143,1107147,795605,1041720,531075,2073319,1121568,1060522,1169326,1011934
6136628,5997354,5617182,6182717,6211759,6205722,6223418,6188418,6227982,5666467,5960308,4019707,3763400,5641470,6044426,5586477,6125668,3839744,4497788,5873087,5608785,6076453,6233455,6216801,5227334,4132156,6242104,6280591,5996705,6148873,5900433,5517846,0,5982745,6222051,5588595,6181160,5787753,6262842,5866713,6196082,6222665,6146055,5399057,6161197,6202848,6277329,6001356,6140575,6187209,6147367,5998067,5104427,6075316,5749883,4894378,5979708,5671278,5773124,6104930,6088025,5354569,6066119,6072651,2833014,4347340,6009937,6192269,6213692,5453166,4121476,6109317,6161003,6067319,5327026,6161753,6198841,6217708,5996456,6226224,5938585,6131326,4456691,6135688,6084402,6248221,6251186,6154151,6222371,6248987,5951339,5050658,5172520,5752948,6211830,5979333,6079095,6218633,5907493,6153448,5635001,4399397,6232700,6171890,6283452,6119792
330881,190423,714763,375676,407188,400935,417805,378469,422493,636826,197627,3086338,3496523,663587,227195,750112,314115,3371625,2387733,321718,732050,264516,426764,410828,1304705,2928619,432885,476012,184104,334246,284062,866591,5982745,0,415324,753438,373751,462662,456205,328634,389473,415294,336922,1050206,347730,394477,472978,189863,332472,378780,338868,192778,1469550,262731,513576,1782637,171795,637607,472441,295445,278680,1085992,253604,263550,4926055,2643179,198462,388752,413389,965109,2962429,298902,352594,254086,1138983,350830,388806,411829,184501,420171,232266,324955,2451130,324771,274847,441554,444239,344712,415862,442356,212028,1548851,1371365,505395,408083,170672,273194,413164,276434,347893,682522,2528084,427661,360731,479045,311123
172131,386417,954759,95508,50298,61051,36817,96091,43683,886404,448321,3338938,3743207,923799,318327,1001204,187035,3621725,2633663,569332,974454,264726,48928,46732,1550735,3172993,59477,98224,395790,154258,536814,1110853,6222051,415324,0,998716,99825,698472,78175,579776,79501,39702,155818,1287182,134154,67341,94988,381817,161536,94754,153086,382514,1716868,265877,746190,2040627,407117,872527,721511,224215,249772,1337888,290132,275898,5157519,2880985,374134,87312,49999,1212967,3201019,219106,140874,284970,1384755,133752,75852,46903,393335,41215,473040,184365,2691484,173291,250787,63588,65551,145866,42358,66052,460696,1789945,1621483,749575,56803,418284,263614,45772,519380,147251,926418,2768944,48455,114259,102263,199429
917821,769897,405817,961422,990442,985837,1002277,965663,1008077,453142,735695,2695874,3113139,435439,820193,371558,902847,2982405,1983309,654282,396920,859026,1011146,995386,924451,2539493,1021207,1059644,767834,925156,679172,485627,5588595,753438,998716,0,962301,565578,1038577,646176,975363,1000062,921724,667712,937024,980473,1056372,778685,919870,961540,922786,775538,1088586,853241,529688,1366379,761889,449035,551861,880939,868228,695780,839188,850322,4530489,2260415,788216,968878,995455,584637,2585131,887178,938026,842922,746931,938762,974322,994311,772737,1001847,712128,908659,2067680,913957,863529,1023468,1027767,929696,999664,1025496,723290,1171945,1008777,536439,988339,754142,858950,995526,689774,931511,422578,2142226,1011815,949807,1061949,897865
135536,350158,915784,61821,91739,87378,101748,63732,106866,846339,406416,3295061,3703876,882090,277472,957947,147256,3579610,2595088,528367,933801,223267,111811,96869,1510408,3131408,120648,159057,360535,117329,492777,1071312,6181160,373751,99825,962301,0,663005,141044,536345,71752,99899,118469,1248871,97365,79334,156141,343414,124659,60051,114613,340393,1675339,224750,707561,1998624,366894,836246,681228,181554,213385,1299689,249575,237147,5119922,2845070,332873,70065,93200,1173470,3163314,177151,99523,238501,1346394,93187,73889,93552,352288,104326,434339,143188,2653967,131220,211384,127119,128956,110581,98891,127343,419263,1750824,1583098,713018,88640,378187,223461,98093,479535,105424,887039,2728951,111106,75318,163110,155850
619851,479209,513741,661098,691888,687349,701395,666341,707015,454686,439403,2897202,3305317,476937,523021,559342,604765,3178967,2190429,363022,551360,557156,712254,694700,1113635,2737705,719829,760178,473942,631312,386794,675595,5787753,462662,698472,565578,663005,0,742153,362478,672997,697774,622534,859190,636082,680669,756972,485303,621544,665572,624394,477028,1279468,555559,319128,1582577,464649,444615,287763,585013,569610,889296,546058,550524,4727889,2449755,491496,671302,696047,776477,2776759,592050,637850,544916,940331,638732,674258,696953,472565,704587,424264,609625,2267198,617319,564519,727384,729105,634682,699376,727512,429988,1360575,1198705,310449,689729,459898,561562,696706,400458,633155,499998,2345006,712947,650627,764245,600203
207262,424538,991346,137333,91453,100264,78290,134750,69786,925225,488434,3379425,3784074,962680,360258,1043949,227724,3664254,2674540,607145,1011353,303455,59607,86803,1590348,3211588,48730,37109,434161,193507,572551,1148134,6262842,456205,78175,1038577,141044,742153,0,618605,120530,78881,197731,1328765,178273,108152,34349,419358,204075,136939,195255,421661,1755455,309912,786659,2079728,448222,915050,762418,264184,287459,1380203,326633,315623,5195358,2917890,413939,126623,88726,1253136,3241106,256847,180601,325991,1424314,176133,116863,89434,430584,73508,512899,222950,2731535,213696,288820,38169,35294,185493,79483,39291,499359,1832222,1661128,792972,97168,460563,302421,84079,558629,186510,964671,2806269,60194,155878,40726,237938
491679,339315,595651,538950,566956,564143,580735,542297,585617,536548,307557,2981550,3385879,557389,393553,644326,479021,3269515,2272891,219308,629598,428064,589908,569710,1196367,2821553,598255,638364,339598,499274,241626,759399,5866713,328634,579776,646176,536345,362478,618605,0,549537,578926,498212,950304,511460,556479,635566,350547,493990,540116,500076,347154,1362468,427411,402782,1670281,330973,524987,368909,453629,438562,970244,414184,419940,4814139,2531783,353832,548348,571163,862657,2856923,461042,512970,416994,1022761,513392,550690,574013,338147,583193,283740,481707,2351334,488537,436485,605098,606263,507590,576728,605918,290274,1440125,1275789,394317,565927,324328,428954,573538,253656,508055,577132,2422546,588749,523377,641541,473213
146416,361422,929584,69701,72193,65932,82480,68544,89076,861803,421100,3310621,3716206,896798,294230,975527,160418,3596758,2607984,540125,946769,237081,91457,74821,1522528,3145506,101540,139981,371095,129333,509113,1087030,6196082,389473,79501,975363,71752,672997,120530,549537,0,80921,133125,1264801,112325,58612,136633,358068,139125,71043,129733,354177,1687115,237718,718681,2011444,380044,846126,692860,194866,227071,1312749,263103,250085,5134442,2858470,348883,59839,75374,1188580,3177544,190441,113141,258481,1358692,104469,54349,73386,365818,83134,446333,155660,2664959,146396,228456,107053,110108,121081,78897,107955,434741,1763078,1598708,725154,69702,391965,235271,75879,491639,120946,900831,2740485,90198,87622,143872,170418
173919,387967,956535,95902,53334,62153,41479,94145,48283,885944,449477,3340854,3744775,923331,320541,1002880,187041,3622215,2637459,568862,975638,264024,53020,48264,1551437,3172587,60629,97762,395718,152902,536066,1110637,6222665,415294,39702,1000062,99899,697774,78881,578926,80921,0,158478,1286314,136456,69513,94394,383391,165604,98882,155882,381596,1715738,266767,746440,2041495,406765,873265,723739,224265,249840,1339038,290516,276860,5159469,2884403,373984,86454,49665,1212479,3203471,217314,140280,284782,1386461,133962,77902,48093,393627,43829,473162,185051,2692022,172175,251477,65240,68657,145840,44012,66830,461166,1791055,1620357,753117,57185,419750,262268,46500,519436,148171,927546,2768204,51799,114371,102135,199141
94055,309545,879221,122254,151124,145173,159895,122615,167023,808968,368287,3258298,3664341,841395,239531,918838,108189,3545091,2553799,488532,894168,180704,169120,155622,1471965,3092533,178251,218692,321706,84484,458728,1035031,6146055,336922,155818,921724,118469,622534,197731,498212,133125,158478,0,1209648,90002,136853,215298,298527,80634,116270,70646,301702,1637082,185491,668316,1958305,332457,797935,642205,143569,174596,1257562,210480,198158,5079279,2805917,294180,129618,152199,1133043,3126091,137224,91280,196608,1304395,97332,133136,154403,313233,163027,397080,104909,2614166,95511,172319,185572,186187,87206,157760,184618,381486,1711621,1545483,669863,145915,338848,181754,155646,443984,92719,847816,2691248,171263,109815,221137,118745
1208229,1068665,704375,1250508,1278640,1273055,1287943,1254183,1296587,753854,1024763,2502798,2922611,734871,1114561,676544,1194501,2779891,1784937,952388,692426,1142646,1299736,1283200,727341,2342379,1308435,1347882,1058902,1214036,977016,605079,5399057,1050206,1287182,667712,1248871,859190,1328765,950304,1264801,1286314,1209648,0,1225314,1268741,1344676,1071867,1207300,1252932,1212546,1066126,897688,1141979,840758,1175153,1048665,755005,851513,1172609,1159490,509166,1129140,1139270,4345321,2073473,1076936,1259250,1284161,545873,2391883,1176052,1225692,1131828,546209,1228450,1262984,1284749,1060681,1292231,1014194,1199457,1875612,1201351,1151423,1315652,1316465,1220026,1288536,1313356,1018520,980555,820689,844417,1279485,1047612,1147390,1282542,987446,1221081,718126,1953984,1299563,1237629,1351949,1191135
107567,321507,893551,99352,129802,124029,139443,102189,145623,819366,380493,3273290,3677037,856763,254263,932098,121153,3556007,2568435,505180,906844,198018,151760,136862,1483967,3108251,160493,198910,334764,91908,467630,1049481,6161197,347730,134154,937024,97365,636082,178273,511460,112325,136456,90002,1225314,0,112023,196206,313579,92458,92764,87194,314366,1649778,199519,684768,1971803,343529,805469,657159,157319,186146,1274134,223958,211324,5095399,2821165,309808,111476,130931,1145563,3137325,152688,74872,212928,1320469,73084,111588,133043,327895,143805,408330,116383,2628768,106521,186791,165698,166311,79958,137964,166370,394992,1727843,1558009,682515,126299,352932,197388,133558,455850,82459,859676,2706220,150459,87153,201817,132021
153896,368058,937372,79063,59633,55086,72026,73374,75882,867031,426810,3319387,3724554,904890,299624,982391,169134,3603964,2611206,549155,953475,245531,81155,65763,1533036,3153820,90540,128633,377127,135289,514129,1090462,6202848,394477,67341,980473,79334,680669,108152,556479,58612,69513,136853,1268741,112023,0,125887,360854,139079,69451,133623,361549,1695575,246900,727041,2017482,386498,853196,700900,203286,232739,1318057,273211,257677,5138998,2864114,354007,64699,63390,1194512,3182406,199827,119537,266463,1364554,114331,54357,63062,374504,73180,453241,163048,2674229,154592,232116,95659,97464,126841,67235,97651,440409,1774602,1604114,732376,58512,398661,242031,66219,499655,127718,906097,2750467,80928,94862,131810,178476
224691,441757,1008601,152944,108520,116459,93473,150815,84171,943234,504411,3395996,3800369,978719,376203,1060836,243453,3677915,2691379,623788,1027312,318960,76584,103304,1606711,3227181,64541,11410,450240,207998,590320,1163053,6277329,472978,94988,1056372,156141,756972,34349,635566,136633,94394,215298,1344676,196206,125887,0,437765,220764,153152,212048,438666,1770856,326195,801088,2096609,464189,930055,777323,281645,302496,1395974,343470,338724,5212459,2934357,430304,142170,105957,1268965,3256577,272818,195448,342610,1442211,194146,134814,104721,446715,90151,528428,238663,2747904,229971,305307,55164,51913,202874,97300,55178,515802,1846605,1675693,809107,112587,475524,318926,101982,573006,202513,981304,2822654,77343,174231,15025,255457
295942,168250,733554,345097,373491,368846,383716,346988,391168,657687,221374,3111471,3524412,689408,198768,769391,285784,3397374,2407116,347405,755833,228955,395169,378449,1325492,2950232,400786,440845,179559,306865,310241,891868,6001356,189863,381817,778685,343414,485303,419358,350547,358068,383391,298527,1071867,313579,360854,437765,0,295483,345097,301073,157697,1490377,234060,531761,1807586,188560,655076,492298,256528,242785,1105309,217093,224781,4943770,2663946,158935,355949,374236,991454,2985542,268301,320737,226013,1156054,319125,358677,379912,160614,384822,251987,288832,2476031,295758,240600,408375,410262,313645,381733,408441,231725,1568552,1398780,523562,373100,194961,235149,379593,305637,313182,706213,2553199,393044,330640,443366,279506
87607,304483,874577,128390,157582,152087,166053,132373,171977,803184,366557,3257352,3656367,840081,237421,916008,104819,3538925,2551421,482722,891872,181108,175600,159398,1467327,3091895,184677,223416,318076,88586,452956,1030785,6140575,332472,161536,919870,124659,621544,204075,493990,139125,165604,80634,1207300,92458,139079,220764,295483,0,123012,85446,296350,1631560,180953,668378,1953953,327677,791655,636577,138805,168610,1257374,210486,194522,5078905,2803531,291350,135754,158191,1131243,3123071,133878,102080,193490,1300919,104140,139640,159413,308241,168891,391950,100911,2611264,91085,169443,190768,191325,95102,164850,191658,378812,1712367,1543997,668033,155241,337980,178314,162112,441792,95489,844098,2686710,174947,115177,226547,114951
134619,350225,918871,57764,89992,84537,100353,63873,105945,847230,408811,3303130,3706125,885481,279625,962720,152183,3583613,2597093,530978,938152,228182,108638,93992,1513337,3131681,119675,155722,360540,119086,496484,1076719,6187209,378780,94754,961540,60051,665572,136939,540116,71043,98882,116270,1252932,92764,69451,153152,345097,123012,0,115802,341528,1678766,227491,708248,2001871,370051,836227,681233,184591,213390,1302546,250876,240450,5121611,2845033,336550,68062,91541,1174263,3164067,181600,99920,242834,1347507,94496,70768,91781,357585,100941,435932,147459,2655318,136341,212525,123412,125103,109406,95428,124500,422866,1753109,1586811,715299,86621,381460,225396,94450,481384,108257,888182,2732092,108801,75995,159309,161329
96851,309597,882999,119576,148254,142213,158519,123491,163167,810062,369793,3260460,3668983,843193,237435,920690,110385,3545211,2554741,490352,893650,183324,167734,153150,1473551,3093923,174839,215442,322040,82328,457952,1034717,6147367,338868,153086,922786,114613,624394,195255,500076,129733,155882,70646,1212546,87194,133623,212048,301073,85446,115802,0,302290,1638812,186679,671698,1960585,333325,798761,644547,143433,175538,1260204,211128,200244,5084159,2807731,295940,125492,148653,1135055,3127257,138572,94582,197788,1309053,93004,133594,150695,313925,160333,395920,106571,2614416,95191,177825,181864,184523,84260,154100,182184,384072,1714567,1547155,673531,143971,340444,185354,151336,443380,89119,846392,2691740,168165,107633,217887,121293
296035,164741,724589,343448,374292,369465,384293,346513,390649,657466,220977,3106974,3518799,690319,199449,770254,282541,3394843,2408251,341744,751374,231122,394894,375714,1319893,2944253,402487,442262,180452,308472,305146,888307,5998067,192778,382514,775538,340393,477028,421661,347154,354177,381596,301702,1066126,314366,361549,438666,157697,296350,341528,302290,0,1487124,231017,529330,1804107,183367,653417,489867,261965,243592,1104732,216450,227228,4941131,2659905,162386,351700,375007,990909,2980747,265904,319734,224760,1153545,320588,356110,377077,157901,387345,248002,288283,2470216,293727,240785,410420,412935,309350,379068,410266,235866,1566765,1396361,521949,371355,193522,238212,377618,302598,312849,699456,2546266,392889,330099,445171,274067
