0,763770,1454854,357925,369711,363147,396193,341652,402449,1891546,692751,5513574,5299394,1515209,477665,1734015,268423,5544987,4045793,825923,1752702,348404,423508,375823,2939463,4977153,423698,477138,808415,286274,828825,2356968,10391070,713989,401748,1637424,367245,1181109,452235,870976,335320,404244,296496,2392759,316590,345596,475326,512587,290001,340574,305017,532167,3112225,331228,1097447,3140900,700002,1390886,1037023,295199,273052,2386080,417265,503299,9379981,5555748,507228,370958,407955,2343080,5888129,273000,310781,519762,2020133,316540,367618,395091,554366,392062,846541,300741,4837021,379520,337020,439217,443681,311133,405479,425590,608891,2959579,3479227,1246527,378135,552070,345674,397311,1021430,331526,1997952,4468336,410636,344603,483050,374046
763770,0,1237370,840739,859967,861143,890525,838802,892623,1780682,580415,5273918,5011836,1269739,674565,1478187,776401,5314503,3774799,618123,1559378,710502,914692,867881,2718785,4703699,910132,962712,677615,797284,591419,2195998,10295180,570247,890522,1379744,860561,973703,941669,653240,831480,893116,799132,2179599,815740,860918,962812,651727,785687,839432,801133,617477,2860801,728694,809121,2851620,555632,1130436,768397,746759,755370,2206996,711375,655529,9172621,5439786,650240,866038,900135,2097896,5625969,769088,807741,661850,1711071,813752,863326,888373,626356,901168,597537,751601,4597991,722272,740992,928671,933425,812301,893593,917598,593297,2757693,3249925,1018517,867163,618142,725960,884483,823950,824018,1873044,4190486,898184,830659,971672,722588
1454854,1237370,0,1529773,1546013,1540427,1580327,1525580,1584981,1412716,1291739,4849550,4585798,993217,1390165,1083675,1461013,4912799,3361953,1180107,1218278,1416012,1611758,1529859,2415565,4300173,1604816,1667064,1186905,1472842,1201915,1896128,9875418,1273811,1577760,994732,1538777,1074725,1640443,1188702,1513304,1577848,1481086,1808211,1496346,1542108,1642000,1358027,1474825,1521362,1479149,1336073,2423273,1435412,1098387,2407366,1251756,991112,1132917,1444441,1453626,1890018,1424551,1372321,8850231,5108912,1364242,1544440,1590367,1742664,5236179,1452042,1491375,1374912,1323723,1487256,1541298,1578445,1339666,1594288,1199519,1449133,4213553,1431422,1438842,1627195,1630237,1487157,1586855,1610946,1315869,2476997,2871757,1097099,1557583,1336556,1420308,1575687,1113630,1506582,1633760,3769408,1594330,1506125,1673302,1429290
357925,840739,1529773,0,191842,183430,208458,186909,215840,1930671,751358,5543931,5396689,1619474,546944,1823156,328854,5644392,4150398,898634,1837515,449961,242073,199678,3025072,5066834,214141,288509,874542,288793,936168,2409627,10378925,811182,216947,1724547,180908,1272872,271000,964323,214517,222447,268543,2484200,230585,185199,285417,608276,292840,175455,265988,651132,3205166,427339,1204878,3244915,804127,1497671,1133084,394888,369127,2490641,490738,576344,9448864,5610013,597407,184255,224990,2437145,5995838,326301,277774,600583,2132292,276033,184193,213152,648617,228955,932760,380662,4933416,430615,414945,254684,260502,259774,221212,244991,714324,3048342,3553786,1321730,199614,660547,452565,211700,1109877,273891,2051763,4573905,229291,202286,292749,430693
369711,859967,1546013,191842,0,173414,155486,208857,158796,1930193,808738,5553533,5443009,1643148,601886,1845412,349190,5672684,4173002,929216,1855593,480735,185919,144488,3049806,5118872,182891,235097,899990,316471,959984,2426703,10423491,822692,157549,1736523,157134,1294596,210528,992223,209423,158307,285597,2505594,256373,157423,231601,617834,313408,198085,277776,665684,3228684,453427,1227762,3277347,819437,1520501,1157500,416684,390601,2501625,500984,556206,9461036,5604919,623871,195995,162700,2448203,6026128,360143,294152,615529,2162248,297595,159913,154182,644885,168625,951920,389738,4959178,439727,436127,200978,204266,277866,162044,186489,738370,3076174,3599222,1340032,130330,682737,455995,154778,1129495,292675,2066421,4591453,167019,220780,241799,450567
363147,861143,1540427,183430,173414,0,189276,200103,193038,1927513,798178,5537073,5432539,1630198,589442,1827576,338090,5658588,4163234,916460,1843577,471559,208119,167100,3037560,5110350,211101,256769,883192,305603,947718,2396635,10404733,827528,196729,1727765,156078,1263922,232552,986327,216279,195009,280717,2494606,234863,161017,253207,618144,302352,189885,273502,666970,3219490,443011,1214290,3260679,813135,1513079,1149014,408572,382253,2495999,502842,576684,9461554,5612875,614865,180973,202508,2444501,6013340,345963,289588,599735,2144928,286381,163219,187828,657515,203147,951026,384206,4947924,434503,424769,198082,222928,262796,198988,213395,727644,3061506,3586644,1332766,178880,677655,469091,190630,1117393,284291,2058773,4586159,202741,213730,261417,440923
396193,890525,1580327,208458,155486,189276,0,225855,94396,1943065,826044,5549797,5466247,1664756,618702,1870822,376970,5696214,4197434,947940,1868795,510361,135037,168186,3062690,5141530,129099,183399,885650,340783,962680,2441357,10424257,838362,113995,1760599,185792,1310444,164994,1014979,222419,112363,318895,2533580,273229,171561,182951,649152,332954,222131,312910,700820,3257438,487883,1254606,3300449,843545,1551251,1179410,447838,418263,2517275,522438,590452,9486904,5601321,655151,207265,138844,2480083,6051068,393345,311708,625989,2197830,325131,185807,116558,693801,123899,971404,408068,4978252,451381,454907,148494,155396,291106,117402,138805,770230,3093234,3616090,1362212,158182,713485,507749,129960,1154103,319057,2080005,4616891,124845,245820,188741,465549
341652,838802,1525580,186909,208857,200103,225855,0,227607,1931374,777817,5544506,5413338,1607993,568287,1815041,322685,5639779,4142265,893793,1828876,447058,235550,214193,3011445,5086495,238368,286828,877193,264972,937697,2407364,10393424,806997,229970,1717010,198639,1264073,263025,959374,205240,229636,268028,2476781,221550,201394,283022,598843,287407,159750,261743,645349,3200351,423966,1201891,3240744,794114,1491030,1133917,383401,365248,2473386,481621,571855,9453939,5603426,593358,204452,234863,2420996,5991249,315868,275407,590692,2128447,272184,206248,214003,641466,230784,927293,366255,4925729,417716,408096,254609,253957,251307,232115,244762,708583,3048201,3566769,1321321,216175,651316,453882,225173,1084628,270296,2041866,4572206,237086,204519,292432,430200
402449,892623,1584981,215840,158796,193038,94396,227607,0,1943599,836276,5553949,5471909,1671064,626226,1873780,381198,5700108,4204692,959858,1873035,514131,130805,173694,3063364,5143764,121967,178673,888976,346127,967442,2446069,10426939,842508,109231,1760957,192364,1319476,155736,1021197,220389,120699,322373,2537380,278749,176969,177269,655348,341020,224313,316064,699568,3263874,491659,1261350,3310519,850039,1554801,1185270,449120,423381,2515851,522758,595712,9492786,5604383,656781,215423,146458,2482651,6060826,397461,314824,627993,2202502,325685,190701,119216,696001,115505,979800,407196,4985016,453753,459763,142890,150222,301012,113444,132673,775022,3100528,3621778,1367522,167158,718827,510653,128936,1158811,320803,2083531,4622003,118969,248300,181495,474283
1891546,1780682,1412716,1930671,1930193,1927513,1943065,1931374,1943599,0,1850509,4551684,4396962,1487773,1881391,1370139,1906407,4723969,3192129,1730973,1270496,1892510,1960586,1934229,2282547,4120241,1963244,1999402,1690731,1921662,1772645,1698494,9566116,1813975,1946894,1369332,1921771,1589559,1979505,1754924,1911456,1948850,1917588,1617943,1921210,1923620,1999434,1883655,1915133,1927788,1915913,1858977,2203819,1898970,1648925,2206476,1783920,1499558,1687075,1891165,1897304,1672456,1887679,1854077,8780589,4810390,1885284,1935368,1952011,1570888,5088121,1909172,1923185,1854860,1207473,1932644,1924076,1946935,1874232,1955228,1748835,1867435,4108055,1843416,1882098,1969385,1969693,1894955,1926153,1955778,1872339,2362475,2718361,1603637,1937629,1878640,1885940,1948101,1623330,1919512,1530692,3586384,1955364,1935853,2006318,1862744
692751,580415,1291739,751358,808738,798178,826044,777817,836276,1850509,0,5334573,5033919,1306870,567702,1522530,711990,5348414,3814102,650982,1617325,634723,861557,808042,2743722,4727486,826153,914269,691908,726433,621876,2244561,10317045,529268,836223,1435641,798838,1010794,890314,694337,772201,835717,736937,2226468,748823,800153,910055,569244,725496,778843,741926,539648,2910960,658173,862622,2901779,572971,1173693,805926,681500,696453,2242577,636460,592366,9211824,5508413,567917,805119,844542,2156807,5670684,710089,747502,579677,1794418,748641,802199,828250,548645,853163,635932,679270,4634280,656761,665409,877172,879566,753880,839822,866337,515646,2794898,3265914,1068392,812872,535643,645955,826562,863725,764227,1908361,4235579,847567,776396,919871,650649
5513574,5273918,4849550,5543931,5553533,5537073,5549797,5544506,5553949,4551684,5334573,0,2848494,4900291,5442629,4759931,5521733,2993209,3463819,5222467,4690298,5497058,5586108,5543793,4035839,2979007,5581970,5609076,5178441,5527930,5228799,4220918,7706746,5311503,5577720,4779762,5535955,5038471,5599909,5234406,5532410,5573512,5525816,4356257,5536408,5539928,5606844,5429587,5522229,5541584,5528363,5381785,3999285,5504746,5105571,3983890,5311788,4940840,5135753,5509703,5522068,4365860,5483013,5401473,7483221,3382524,5418370,5551312,5578779,4441454,3366903,5520284,5525141,5398844,4574565,5538838,5543798,5574167,5384360,5582044,5229807,5487287,3038959,5449950,5500712,5585209,5591963,5530955,5575647,5585560,5363015,3938693,3720597,5040563,5552127,5390918,5493420,5574403,5111986,5534506,4899962,3260588,5582476,5556951,5614994,5461794
5299394,5011836,4585798,5396689,5443009,5432539,5466247,5413338,5471909,4396962,5033919,2848494,0,4613025,5154859,4477485,5318753,3085453,3168453,4966989,4439658,5222640,5497912,5442643,3755327,2565789,5470510,5550152,4978373,5337662,4961001,3998150,7914316,5040427,5476842,4536160,5430887,4787713,5527335,4949910,5409314,5475990,5349006,4111141,5378010,5433702,5546546,5161371,5337341,5416120,5358623,5118101,3727131,5253400,4821575,3701884,5026948,4654930,4875473,5283147,5295782,4120772,5229253,5180913,7584241,3532970,5149474,5430792,5479295,4175182,3440537,5310838,5356987,5172234,4299351,5364624,5437068,5468791,5123778,5489628,4959379,5284957,2674971,5260874,5254668,5513407,5516801,5368309,5479891,5499042,5088321,3671545,3455927,4785303,5448803,5112516,5238946,5463333,4848090,5380756,4694410,2929956,5487070,5408177,5551100,5244392
1515209,1269739,993217,1619474,1643148,1630198,1664756,1607993,1671064,1487773,1306870,4900291,4613025,0,1417172,1106794,1528706,4959768,3407022,1232348,1279869,1458143,1667045,1643006,2436692,4350822,1685167,1740039,1234728,1542161,1229942,1993045,9967609,1298752,1670247,1039453,1608864,1051640,1712080,1212223,1601225,1668145,1553955,1850384,1559475,1632875,1736977,1390790,1549002,1602465,1556726,1368906,2476016,1478717,1096698,2439559,1284641,942877,1133046,1502630,1512095,1942685,1462424,1412470,8924400,5189069,1401655,1629833,1673320,1793653,5281116,1523731,1567228,1403167,1374200,1563329,1634233,1644730,1375885,1677721,1215710,1499004,4255586,1482019,1488377,1704448,1682970,1572958,1669804,1692983,1328460,2544256,2921362,1059368,1652018,1366507,1463525,1664804,1114039,1583021,1710845,3807441,1676805,1606588,1745577,1469013
477665,674565,1390165,546944,601886,589442,618702,568287,626226,1881391,567702,5442629,5154859,1417172,0,1628498,499962,5459758,3934960,741492,1694299,418767,649767,604062,2841522,4854156,617453,698939,752978,507841,725924,2316535,10331985,628304,629803,1561133,587758,1103292,674508,765571,560305,626899,513841,2315954,537857,596687,693717,411930,508084,564273,519426,446230,3020244,437971,980272,3024009,620123,1289339,926254,456932,470987,2319647,409302,431112,9296076,5546533,412423,592421,638040,2255311,5761632,487669,531242,416391,1921848,527295,594923,620510,454387,643641,762880,465336,4743332,437155,441255,660948,664424,531830,630996,649311,502468,2864222,3361728,1169792,607352,438465,421857,621934,948771,544945,1955765,4359377,638591,563858,703043,431943
1734015,1478187,1083675,1823156,1845412,1827576,1870822,1815041,1873780,1370139,1522530,4759931,4477485,1106794,1628498,0,1741430,4837434,3293186,1443830,1189641,1674351,1873027,1845980,2334434,4233004,1889483,1943699,1434916,1760425,1451310,1890839,9829423,1502530,1870987,1051941,1812580,1266130,1923168,1423297,1816263,1873471,1767939,1738574,1764563,1834491,1940451,1616746,1761626,1812653,1765558,1575710,2322430,1692479,1311546,2299011,1485935,1151653,1347690,1712566,1724215,1818843,1669984,1629080,8852910,5067849,1608915,1836741,1875710,1679717,5168104,1743085,1779000,1614509,1243910,1775565,1834295,1846934,1581765,1881579,1437158,1716838,4164764,1691861,1699817,1905788,1890186,1778474,1871926,1901413,1550894,2445202,2811814,1272758,1848794,1573031,1675347,1868668,1307813,1796157,1660495,3692323,1883267,1809056,1951093,1692593
268423,776401,1461013,328854,349190,338090,376970,322685,381198,1906407,711990,5521733,5318753,1528706,499962,1741430,0,5556504,4057940,841416,1761165,360497,397193,350410,2955490,4992904,399339,453203,813996,267703,853538,2364715,10394185,703126,377013,1628813,336848,1190340,421398,892517,317473,383647,279199,2390670,292775,336569,447065,503436,270604,323789,280468,550354,3129144,350581,1115652,3156267,715759,1405621,1056206,304436,284465,2392767,432570,516974,9387378,5562073,511297,343245,387488,2353635,5902244,249155,290588,528231,2046290,287419,340967,374724,560811,382015,863730,316520,4853310,389613,343089,410658,414480,293696,379022,399949,621600,2981422,3491606,1257264,357164,563223,369765,369558,1032669,305513,2006471,4485375,385851,314516,460313,381891
5544987,5314503,4912799,5644392,5672684,5658588,5696214,5639779,5700108,4723969,5348414,2993209,3085453,4959768,5459758,4837434,5556504,0,3701260,5273262,4789843,5494987,5718417,5672644,4196774,3200946,5714915,5770623,5264846,5584161,5288116,4371641,7667471,5335364,5699893,4879419,5658818,5096798,5747244,5248205,5633453,5700023,5587427,4499616,5608389,5660045,5768881,5434808,5581200,5642599,5595132,5401396,4189628,5512213,5116296,4174667,5321431,4992443,5182096,5529286,5547385,4503343,5499884,5453196,7402228,3331719,5433527,5658965,5699056,4545425,3248872,5549851,5596750,5443377,4656754,5599761,5658491,5692328,5401379,5710145,5269774,5533898,3269408,5507391,5512237,5731790,5738670,5601740,5703808,5726291,5374776,4106080,3957004,5105446,5673588,5397281,5499273,5692236,5150793,5615269,5005899,3515091,5707363,5630052,5777655,5507273
4045793,3774799,3361953,4150398,4173002,4163234,4197434,4142265,4204692,3192129,3814102,3463819,3168453,3407022,3934960,3293186,4057940,3701260,0,3726144,3241347,3979947,4226611,4175448,2648734,3053346,4223491,4286555,3736778,4078239,3736850,2848785,8583191,3808920,4202567,3336279,4157342,3564038,4257326,3708021,4131557,4202015,4083557,2941116,4107849,4162459,4282757,3909896,4073104,4138001,4087040,3875142,2628816,4011437,3595120,2580221,3786917,3434191,3638294,4024160,4043295,2957015,3977568,3934594,8019300,4060005,3909855,4163185,4206294,2989521,4052078,4055403,4094968,3926183,3095188,4098039,4163919,4192714,3878305,4212705,3727556,4032838,3225164,4011735,4009803,4243754,4246106,4095608,4206768,4230491,3849704,2548624,2392064,3561832,4179018,3868585,3981805,4190924,3620099,4116153,3480421,2465201,4212235,4129944,4292923,3986901
825923,618123,1180107,898634,929216,916460,947940,893793,959858,1730973,650982,5222467,4966989,1232348,741492,1443830,841416,5273262,3726144,0,1528559,778637,985911,928504,2682180,4645792,978099,1037405,637192,859161,583502,2150149,10250077,648802,958859,1354365,915266,928632,1015554,609775,891441,959635,859157,2137002,869111,919581,1034757,723750,858608,890827,861276,704886,2829872,806599,766562,2806787,631153,1102703,718048,811670,823953,2183489,785404,738576,9133462,5398143,736225,915425,963336,2076097,5589178,832447,869206,737311,1679382,872029,919047,951454,701423,971663,568558,818434,4555066,779715,805859,998624,1002556,870612,959814,980937,673614,2720084,3198578,994558,930482,698003,785399,947386,787911,881309,1836645,4147717,965479,889060,1042043,778175
1752702,1559378,1218278,1837515,1855593,1843577,1868795,1828876,1873035,1270496,1617325,4690298,4439658,1279869,1694299,1189641,1761165,4789843,3241347,1528559,0,1713376,1889882,1855431,2313251,4174331,1887392,1936834,1506899,1782862,1533541,1784884,9714072,1588437,1875362,1200432,1845331,1385687,1914639,1518210,1823490,1876760,1788932,1678319,1807356,1843740,1933558,1675425,1776459,1832702,1789075,1649721,2270417,1729442,1414175,2254472,1575514,1292786,1452605,1740065,1746086,1751270,1724213,1678183,8802771,4972768,1675618,1847170,1879901,1637770,5117487,1758580,1795113,1675676,1213865,1793868,1846892,1871507,1654572,1880456,1524257,1735779,4133777,1722346,1728048,1901429,1904717,1793589,1872849,1890614,1635471,2390783,2756411,1404865,1856857,1651994,1714892,1869765,1425196,1805948,1605356,3640614,1880474,1823453,1940728,1719012
348404,710502,1416012,449961,480735,471559,510361,447058,514131,1892510,634723,5497058,5222640,1458143,418767,1674351,360497,5494987,3979947,778637,1713376,0,541540,482377,2888295,4911973,534296,594424,778327,383132,786595,2330448,10365166,660397,511818,1581618,470655,1134725,568531,810714,442532,514714,391930,2343459,417776,468102,591340,452669,381063,447792,391895,489763,3051551,312446,1031713,3075514,657684,1331958,975027,328563,337170,2339938,365509,471697,9327961,5554806,456608,469542,517969,2293336,5817027,354320,403189,470212,1961605,400270,469966,507169,501946,528564,797837,333275,4790265,348980,313660,555027,558063,408085,516713,541534,529759,2898701,3417115,1203811,485377,488288,295528,503391,970998,422888,1974742,4412522,499698,440707,601194,337254
423508,914692,1611758,242073,185919,208119,135037,235550,130805,1960586,861557,5586108,5497912,1667045,649767,1873027,397193,5718417,4226611,985911,1889882,541540,0,190129,3061227,5180535,95740,138568,928441,366910,1014415,2472408,10438354,860991,130380,1780806,193995,1336149,111177,1047274,241760,139250,340598,2554133,279582,201634,135602,672727,362845,239004,331039,728731,3284807,513364,1285459,3332184,867172,1574404,1205187,470155,448310,2523072,548095,603425,9511543,5625048,680740,236998,162251,2503474,6084619,419996,335185,641266,2225255,346894,211118,119249,722774,102834,996895,431039,5001211,472232,480122,96875,82777,315791,134013,91356,795367,3119207,3643229,1384355,186031,744766,535506,150985,1175198,335758,2100148,4645666,122202,270295,142728,490380
375823,867881,1529859,199678,144488,167100,168186,214193,173694,1934229,808042,5543793,5442643,1643006,604062,1845980,350410,5672644,4175448,928504,1855431,482377,190129,0,3052882,5123568,186289,229617,901330,315943,963490,2431111,10416443,827394,167095,1733749,153084,1295322,205770,994603,215131,168373,289759,2496544,257085,161335,206297,624864,315806,200049,282166,670796,3234910,457193,1228288,3273417,822147,1516825,1159920,419248,392635,2499557,508160,578372,9446922,5609941,627367,195123,180216,2450803,6031762,358941,294840,608279,2158472,293683,159879,170910,664673,183283,958570,390756,4957388,442353,437721,199070,202290,278038,174182,195555,743602,3073432,3596050,1341062,144498,688743,480883,171796,1130099,293607,2067753,4595899,177725,220130,236799,448537
2939463,2718785,2415565,3025072,3049806,3037560,3062690,3011445,3063364,2282547,2743722,4035839,3755327,2436692,2841522,2334434,2955490,4196774,2648734,2682180,2313251,2888295,3061227,3052882,0,3572978,3080805,3115407,2679214,2966599,2700216,1931147,9127707,2726406,3068295,2387393,3023636,2554254,3096748,2674873,3012771,3068515,2976805,2030432,2973623,3039383,3115079,2824326,2964656,3015361,2973406,2790552,1858010,2904709,2594534,1843579,2723605,2461423,2618458,2922628,2934909,2035193,2875816,2836888,8369262,4478313,2819409,3042551,3071682,2083759,4534056,2945657,2986316,2825325,2229218,2985435,3043337,3039972,2791721,3074887,2692544,2916636,3566072,2894109,2908477,3087404,3074978,2982090,3064556,3085995,2764810,1953316,2176108,2553568,3049914,2787657,2884379,3066248,2593457,3002359,2554451,3014769,3072887,3021522,3120765,2896795
4977153,4703699,4300173,5066834,5118872,5110350,5141530,5086495,5143764,4120241,4727486,2979007,2565789,4350822,4854156,4233004,4992904,3200946,3053346,4645792,4174331,4911973,5180535,5123568,3572978,0,5152727,5226211,4647540,5006947,4646674,3767563,8038219,4735562,5150757,4270057,5110268,4475776,5204766,4639745,5074405,5152669,5024357,3860652,5044761,5109869,5222563,4864320,5005410,5082417,5021948,4810944,3540844,4931275,4503774,3497313,4719529,4365709,4553924,4954484,4965021,3868085,4923668,4878266,7651582,3597653,4857639,5105313,5157822,3907363,3541958,4984769,5026268,4865405,4018968,5033195,5111683,5142796,4830807,5165655,4648598,4957314,2690492,4939875,4942357,5190926,5195136,5036654,5154206,5179743,4778014,3478376,3286614,4479740,5123936,4806855,4917295,5143858,4525871,5049709,4411609,2880485,5158497,5072858,5230825,4930291
423698,910132,1604816,214141,182891,211101,129099,238368,121967,1963244,826153,5581970,5470510,1685167,617453,1889483,399339,5714915,4223491,978099,1887392,534296,95740,186289,3080805,5152727,0,141786,918089,363814,1005711,2471758,10415394,859331,123936,1780086,206109,1337477,120551,1039372,240366,139040,331764,2553821,296354,197464,137104,673505,359761,237270,329389,723325,3280317,509548,1275867,3327964,865644,1570808,1204461,464319,441060,2522916,543047,599903,9507301,5623062,674874,234698,162651,2502448,6080677,417268,328781,632762,2220961,342814,209954,133777,716232,101432,993123,424951,4993893,471462,476708,106915,107867,313861,133715,103642,791091,3112621,3622073,1379817,181837,740622,532272,147097,1174738,333188,2096666,4641236,117296,267857,147386,487190
477138,962712,1667064,288509,235097,256769,183399,286828,178673,1999402,914269,5609076,5550152,1740039,698939,1943699,453203,5770623,4286555,1037405,1936834,594424,138568,229617,3115407,5226211,141786,0,971443,420120,1073883,2526728,10485840,903379,180338,1827810,264031,1387583,86841,1097998,287854,177372,396492,2603923,349936,249758,46712,727513,411095,293046,388467,783231,3334483,538908,1340105,3374414,926446,1598740,1261301,515903,472194,2574938,591155,649973,9566673,5636200,725334,272742,202379,2556628,6129447,462522,362575,647232,2274617,381422,254478,190079,761094,165202,1058813,475141,5049439,510156,535538,105343,97253,365905,170361,129046,854181,3163353,3703333,1403649,222003,796004,584826,201583,1230070,368046,2143534,4705564,166514,295327,42842,543516
808415,677615,1186905,874542,899990,883192,885650,877193,888976,1690731,691908,5178441,4978373,1234728,752978,1434916,813996,5264846,3736778,637192,1506899,778327,928441,901330,2679214,4647540,918089,971443,0,833095,641354,2132815,10188337,681552,913245,1334343,891652,917200,954878,636909,859863,920535,832383,2133848,852421,885929,968419,753044,823404,875597,841942,704552,2833656,793049,773068,2815679,682105,1091119,719384,806268,807683,2178237,777734,735686,9113228,5351577,748909,886957,924354,2070675,5582000,813587,836676,722063,1702494,849161,889455,914858,716597,916081,645166,786184,4561216,767713,794951,936812,940834,849472,915428,929975,698282,2705884,3198970,994512,895960,718535,784539,912058,757739,869427,1790259,4151181,920635,874140,977283,757605
286274,797284,1472842,288793,316471,305603,340783,264972,346127,1921662,726433,5527930,5337662,1542161,507841,1760425,267703,5584161,4078239,859161,1782862,383132,366910,315943,2966599,5006947,363814,420120,833095,0,872939,2375300,10405118,752131,348148,1666294,302359,1209761,395715,899460,275200,345042,233308,2423935,252374,304364,416030,545739,231887,266640,240509,571387,3148781,361932,1137299,3173214,731762,1425948,1068159,327629,302732,2428586,448429,532683,9406635,5577046,528678,308612,350523,2368272,5923619,254610,244257,547258,2067979,246468,306710,330451,582466,348176,879003,312557,4869421,392216,365374,385289,385179,247093,350329,375552,649869,2998491,3506781,1272365,323005,581502,386490,339065,1023678,262758,2015462,4502342,354418,281769,424306,394080
828825,591419,1201915,936168,959984,947718,962680,937697,967442,1772645,621876,5228799,4961001,1229942,725924,1451310,853538,5288116,3736850,583502,1533541,786595,1014415,963490,2700216,4646674,1005711,1073883,641354,872939,0,2198063,10304921,626708,988637,1354583,949566,947986,1047400,622983,928491,992801,873269,2146438,901373,946731,1069619,710920,863830,931057,882278,686226,2831136,809575,768282,2809015,602139,1102315,726810,823034,832081,2197383,781670,731618,9138558,5442971,720523,950865,999200,2075441,5599180,845829,889556,732757,1684594,887493,951313,986574,689061,998059,557852,820178,4562168,799317,806503,1027954,1036060,893970,995950,1016285,657166,2733164,3203660,1002864,968580,683391,793973,983234,811019,908441,1875851,4146575,1000583,924920,1080869,797517
2356968,2195998,1896128,2409627,2426703,2396635,2441357,2407364,2446069,1698494,2244561,4220918,3998150,1993045,2316535,1890839,2364715,4371641,2848785,2150149,1784884,2330448,2472408,2431111,1931147,3767563,2471758,2526728,2132815,2375300,2198063,0,9224792,2212401,2445636,1901908,2418829,2029005,2501531,2176362,2395708,2450100,2379932,1611865,2382060,2415706,2522862,2297143,2374233,2405940,2381187,2266771,1851291,2341144,2106483,1864692,2209504,1985814,2153483,2351975,2360604,1641784,2327521,2292925,8455213,4554366,2297554,2423226,2450703,1679798,4732071,2367062,2385855,2293698,1722279,2390040,2421392,2444965,2272406,2462580,2174643,2342817,3730861,2313284,2338032,2466103,2488565,2385409,2451051,2477654,2261659,2032281,2362825,2100027,2431109,2278772,2332048,2442709,2074988,2403960,1968940,3260550,2459374,2404713,2531272,2306916
10391070,10295180,9875418,10378925,10423491,10404733,10424257,10393424,10426939,9566116,10317045,7706746,7914316,9967609,10331985,9829423,10394185,7667471,8583191,10250077,9714072,10365166,10438354,10416443,9127707,8038219,10415394,10485840,10188337,10405118,10304921,9224792,0,10311521,10431966,9851030,10407067,10083329,10456283,10270572,10389386,10433106,10399040,9427539,10394742,10403678,10480288,10344669,10403573,10396718,10404751,10330841,9132169,10378830,10162877,9115952,10297830,9997974,10214809,10384129,10395584,9422284,10370921,10320799,5685475,7601450,10341754,10412424,10441905,9525450,7552607,10401728,10407491,10317812,9660899,10415576,10411176,10430769,10336438,10433376,10274321,10367685,8090493,10334790,10373836,10448869,10447411,10401533,10433717,10441046,10345619,9016127,8852257,10093483,10420929,10338444,10377468,10431033,10121118,10408730,9888126,8389256,10430684,10404749,10490718,10338922
713989,570247,1273811,811182,822692,827528,838362,806997,842508,1813975,529268,5311503,5040427,1298752,628304,1502530,703126,5335364,3808920,648802,1588437,660397,860991,827394,2726406,4735562,859331,903379,681552,752131,626708,2212401,10311521,0,838791,1395015,824014,1004468,873886,672547,785565,842077,761847,2195480,771751,813885,896307,582260,745422,805181,758584,567446,2898734,685355,854396,2886937,549811,1172731,801370,700810,714835,2203911,661332,609076,9191156,5464425,602181,827339,842474,2130821,5656958,733039,754448,602427,1775822,766831,825471,835134,575571,844403,620260,700174,4622030,666965,688041,869798,870698,763802,840802,862373,549988,2775818,3286430,1049774,823322,569447,670351,837686,852707,780737,1886269,4234669,848399,798788,909041,672395
401748,890522,1577760,216947,157549,196729,113995,229970,109231,1946894,836223,5577720,5476842,1670247,629803,1870987,377013,5699893,4202567,958859,1875362,511818,130380,167095,3068295,5150757,123936,180338,913245,348148,988637,2445636,10431966,838791,0,1761702,188949,1316777,155575,1017440,217396,97758,316100,2532925,275282,180198,173360,652887,327263,223214,310081,698069,3257729,487176,1263489,3299492,847218,1553602,1183481,447671,419780,2514658,519333,593945,9482451,5605888,655328,216922,143449,2478302,6054553,370310,312411,624428,2195647,321726,181512,117267,694380,121700,976941,412077,4954935,461356,460210,146445,147597,299575,113445,135880,770225,3094147,3623785,1361687,158899,717182,506860,131591,1157400,321896,2083856,4611836,117012,246719,184458,469752
1637424,1379744,994732,1724547,1736523,1727765,1760599,1717010,1760957,1369332,1435641,4779762,4536160,1039453,1561133,1051941,1628813,4879419,3336279,1354365,1200432,1581618,1780806,1733749,2387393,4270057,1780086,1827810,1334343,1666294,1354583,1901908,9851030,1395015,1761702,0,1724747,1171263,1799637,1329844,1703672,1762540,1672100,1748275,1689206,1723864,1822478,1517949,1658521,1714288,1664441,1498989,2368553,1610274,1208065,2346862,1402508,1071672,1249957,1626019,1640616,1824964,1584807,1543133,8876901,5086668,1537578,1734972,1770509,1712568,5208003,1652724,1680961,1545228,1301067,1684212,1732632,1755971,1503892,1766078,1347399,1622857,4201559,1598768,1612028,1790655,1793243,1683191,1761893,1782608,1460239,2484157,2848977,1168087,1743419,1488578,1585700,1758379,1224176,1697928,1657608,3731902,1769292,1716343,1832746,1594268
367245,860561,1538777,180908,157134,156078,185792,198639,192364,1921771,798838,5535955,5430887,1608864,587758,1812580,336848,5658818,4157342,915266,1845331,470655,193995,153084,3023636,5110268,206109,264031,891652,302359,949566,2418829,10407067,824014,188949,1724747,0,1281396,240348,985637,215081,188593,279839,2496106,223627,148641,259575,612822,305814,181307,269700,659946,3214314,441565,1217988,3256999,810055,1503697,1144794,406094,383143,2498853,497028,578470,9459796,5615473,613481,186731,192564,2441369,6014076,341837,290474,609413,2144594,284561,150381,162326,661487,200005,942076,388246,4948172,438663,428195,223682,211838,271314,196440,218833,728652,3063586,3583198,1332902,160428,674713,471723,186012,1110179,283531,2054613,4583429,201569,214790,268761,440121
1181109,973703,1074725,1272872,1294596,1263922,1310444,1264073,1319476,1589559,1010794,5038471,4787713,1051640,1103292,1266130,1190340,5096798,3564038,928632,1385687,1134725,1336149,1295322,2554254,4475776,1337477,1387583,917200,1209761,947986,2029005,10083329,1004468,1316777,1171263,1281396,0,1369642,912241,1257673,1324133,1215617,1972136,1235603,1282625,1384623,1086074,1208414,1256013,1219454,1062268,2645928,1151923,812332,2605819,990317,963173,849918,1169772,1183041,2066581,1126730,1097058,9012576,5291559,1092921,1288173,1325282,1921523,5428406,1194859,1227034,1098425,1529204,1235963,1287661,1314552,1072339,1328905,938024,1170060,4385170,1147633,1150995,1332452,1352926,1236858,1322604,1344835,1040060,2630176,3072226,855528,1294588,1056643,1136317,1308964,828483,1247533,1775467,3963347,1331383,1254626,1393723,1133185
452235,941669,1640443,271000,210528,232552,164994,263025,155736,1979505,890314,5599909,5527335,1712080,674508,1923168,421398,5747244,4257326,1015554,1914639,568531,111177,205770,3096748,5204766,120551,86841,954878,395715,1047400,2501531,10456283,873886,155575,1799637,240348,1369642,0,1075605,262807,153635,364059,2575688,320331,220155,82793,694236,392390,266519,339764,753276,3314006,542125,1315766,3359509,878081,1600831,1237194,488424,473409,2544099,570198,626310,9539138,5649369,703391,258201,188570,2527181,6103276,441225,346184,645995,2252436,368249,239097,166360,738821,137637,1031394,451920,5024202,486099,506689,83260,77020,338566,153208,108961,822772,3144786,3674906,1405030,205164,766171,559455,178570,1203885,349769,2100705,4678199,142163,291916,87957,515785
870976,653240,1188702,964323,992223,986327,1014979,959374,1021197,1754924,694337,5234406,4949910,1212223,765571,1423297,892517,5248205,3708021,609775,1518210,810714,1047274,994603,2674873,4639745,1039372,1097998,636909,899460,622983,2176362,10270572,672547,1017440,1329844,985637,912241,1075605,0,953588,1018822,917206,2133205,930730,981870,1095198,749023,901565,955404,917377,721277,2810757,838780,743809,2776326,663086,1075530,699569,851283,865232,2176662,805107,764491,9117499,5420574,754662,978172,1028927,2049472,5560009,887920,921631,763074,1661503,923210,986004,1011899,729618,1027580,608667,863567,4541039,834512,837186,1058079,1063605,920091,1018913,1047602,696557,2726469,3205115,980335,998357,721436,822976,1013777,776050,936134,1841862,4121376,1028510,951145,1104090,825726
335320,831480,1513304,214517,209423,216279,222419,205240,220389,1911456,772201,5532410,5409314,1601225,560305,1816263,317473,5633453,4131557,891441,1823490,442532,241760,215131,3012771,5074405,240366,287854,859863,275200,928491,2395708,10389386,785565,217396,1703672,215081,1257673,262807,953588,0,220410,262350,2471225,212810,206110,286188,585531,279159,200024,257275,632279,3188995,415646,1187985,3231904,789564,1485048,1122659,375493,357860,2455648,469957,557019,9436337,5578400,583296,219002,237173,2418924,5988043,318996,258847,569408,2119671,259910,215612,221955,632132,234128,920855,356301,4908861,402688,401176,255221,254841,244719,224151,242650,703805,3040023,3563159,1307377,214599,642422,447064,222629,1098010,262342,2030596,4555082,227898,200651,292456,417992
404244,893116,1577848,222447,158307,195009,112363,229636,120699,1948850,835717,5573512,5475990,1668145,626899,1873471,383647,5700023,4202015,959635,1876760,514714,139250,168373,3068515,5152669,139040,177372,920535,345042,992801,2450100,10433106,842077,97758,1762540,188593,1324133,153635,1018822,220410,0,319644,2534787,277680,180346,171692,652567,332577,225814,311121,700741,3260955,491214,1262627,3299692,844080,1553680,1186091,443321,420016,2519280,520225,593193,9489115,5602992,656078,218298,145171,2480828,6051139,374784,308629,622972,2195919,321912,181408,118521,697094,130642,982269,414061,4960105,457372,463228,147713,149991,302429,122429,136352,772179,3101617,3623959,1364345,154431,716818,510942,136277,1158000,320140,2086774,4615578,126792,244993,179604,474314
296496,799132,1481086,268543,285597,280717,318895,268028,322373,1917588,736937,5525816,5349006,1553955,513841,1767939,279199,5587427,4083557,859157,1788932,391930,340598,289759,2976805,5024357,331764,396492,832383,233308,873269,2379932,10399040,761847,316100,1672100,279839,1215617,364059,917206,262350,319644,0,2425795,232454,283084,391488,547215,233331,261026,208741,557131,3154673,375480,1137177,3184088,738670,1434360,1079157,308753,306470,2435236,449411,523783,9402869,5583634,538402,287624,324079,2354026,5913123,259130,229441,545872,2069433,230196,279124,314143,590786,324712,884489,325355,4872819,400466,360906,354999,357337,232295,324213,341304,653735,3001689,3513257,1284995,292495,574440,389026,314675,1056318,246314,2010020,4503018,328338,265445,400668,396254
2392759,2179599,1808211,2484200,2505594,2494606,2533580,2476781,2537380,1617943,2226468,4356257,4111141,1850384,2315954,1738574,2390670,4499616,2941116,2137002,1678319,2343459,2554133,2496544,2030432,3860652,2553821,2603923,2133848,2423935,2146438,1611865,9427539,2195480,2532925,1748275,2496106,1972136,2575688,2133205,2471225,2534787,2425795,0,2450587,2494429,2596565,2284692,2419250,2476113,2429518,2279792,1923990,2364905,2027094,1928827,2189257,1887669,2068204,2382102,2395311,1452711,2351100,2311478,8628222,4732015,2291249,2503411,2542962,1443337,4826962,2406465,2436456,2310043,1581210,2449731,2502369,2529410,2283539,2543937,2148794,2385566,3862594,2352571,2372195,2567384,2569986,2444794,2536028,2556505,2251846,2192552,2449568,1998118,2508592,2279529,2345139,2528578,2052651,2457823,1902775,3318935,2543587,2471614,2609763,2349297
316590,815740,1496346,230585,256373,234863,273229,221550,278749,1921210,748823,5536408,5378010,1559475,537857,1764563,292775,5608389,4107849,869111,1807356,417776,279582,257085,2973623,5044761,296354,349936,852421,252374,901373,2382060,10394742,771751,275282,1689206,223627,1235603,320331,930730,212810,277680,232454,2450587,0,242698,346368,558045,263385,222734,229005,610887,3174113,388378,1164569,3202906,762098,1457036,1098217,359377,329052,2445612,459677,556981,9426697,5591640,559708,244184,281895,2397944,5963333,286198,249235,564104,2094075,243064,245706,254691,615634,290572,905323,349647,4895103,408808,376106,303709,292409,228981,278597,301292,675339,3024579,3531457,1290921,256755,616722,421814,272805,1067056,255356,2028782,4531714,287316,221633,356054,409428
345596,860918,1542108,185199,157423,161017,171561,201394,176969,1923620,800153,5539928,5433702,1632875,596687,1834491,336569,5660045,4162459,919581,1843740,468102,201634,161335,3039383,5109869,197464,249758,885929,304364,946731,2415706,10403678,813885,180198,1723864,148641,1282625,220155,981870,206110,180346,283084,2494429,242698,0,245780,614375,304127,187800,273737,662599,3218657,449252,1220291,3263240,810092,1512744,1145491,402757,380288,2486880,502625,566855,9457733,5606480,614052,180042,179825,2444648,6016747,353650,284083,603046,2149953,290814,152920,175857,659596,168134,953531,388059,4944467,427352,430128,211183,212073,273547,180263,201818,729767,3060347,3586945,1333195,161735,672848,472434,175083,1113608,282800,2052486,4587546,187194,212617,255542,444576
475326,962812,1642000,285417,231601,253207,182951,283022,177269,1999434,910055,5606844,5546546,1736977,693717,1940451,447065,5768881,4282757,1034757,1933558,591340,135602,206297,3115079,5222563,137104,46712,968419,416030,1069619,2522862,10480288,896307,173360,1822478,259575,1384623,82793,1095198,286188,171692,391488,2596565,346368,245780,0,721115,410921,290748,382745,777313,3334173,556232,1334085,3374016,919862,1616128,1259069,511789,493242,2568488,590635,644027,9542431,5654720,723706,272696,203329,2551494,6125253,452694,362579,665580,2274441,382512,255196,186877,755574,162778,1054799,472549,5042115,505912,530702,100897,96641,363787,169645,126262,848951,3159193,3698311,1421307,223513,790892,579704,198741,1226036,370966,2137222,4703262,162524,311879,53860,538472
512587,651727,1358027,608276,617834,618144,649152,598843,655348,1883655,569244,5429587,5161371,1390790,411930,1616746,503436,5434808,3909896,723750,1675425,452669,672727,624864,2824326,4864320,673505,727513,753044,545739,710920,2297143,10344669,582260,652887,1517949,612822,1086074,694236,749023,585531,652567,547215,2284692,558045,614375,721115,0,547800,593831,542336,426238,3000958,479313,959718,3003367,602227,1268563,915060,498374,509683,2277193,452858,404676,9277686,5534215,385567,624347,658318,2232565,5752876,520001,560394,401321,1895486,560157,621777,643790,429933,660759,729036,503190,4730538,475461,480877,684968,688430,560744,654880,677005,479622,2855080,3372970,1144180,628478,418983,457147,648720,929121,566343,1935115,4330551,662053,588360,734515,473043
290001,785687,1474825,292840,313408,302352,332954,287407,341020,1915133,725496,5522229,5337341,1549002,508084,1761626,270604,5581200,4073104,858608,1776459,381063,362845,315806,2964656,5005410,359761,411095,823404,231887,863830,2374233,10403573,745422,327263,1658521,305814,1208414,392390,901565,279159,332577,233331,2419250,263385,304127,410921,547800,0,287871,241478,568758,3138188,359677,1129040,3152095,734713,1416675,1071048,324466,293777,2428859,417414,526794,9396750,5557033,527181,312629,344618,2364103,5925112,250937,223860,530173,2055964,225275,284977,331030,579445,349909,882914,316082,4855476,386259,360781,379492,382280,251834,343390,364269,644164,2991764,3507414,1263824,297288,580475,383391,333234,1053875,265053,2012793,4476191,350127,278378,401067,389841
340574,839432,1521362,175455,198085,189885,222131,159750,224313,1927788,778843,5541584,5416120,1602465,564273,1812653,323789,5642599,4138001,890827,1832702,447792,239004,200049,3015361,5082417,237270,293046,875597,266640,931057,2405940,10396718,805181,223214,1714288,181307,1256013,266519,955404,200024,225814,261026,2476113,222734,187800,290748,593831,287871,0,249415,642179,3198753,419120,1199859,3241340,791974,1484768,1130389,381065,365904,2474578,482333,567731,9445213,5603606,594808,191192,226871,2426698,5992415,325486,271027,588890,2125927,268272,191110,213827,638510,226872,922195,370245,4925313,421800,406916,258075,256217,250373,229541,243384,707705,3045247,3566293,1319945,198963,651058,449332,219839,1079498,269824,2041040,4566644,233518,196073,299594,429212
