0,32331,47890,490567,180190,28511,28799,45686,46502,44248,22954,63754,32302,38540,36451,34706,71137,28911,33089,44062,150684,194668,27085,42814,715040,223479,465852,290964,175222,21752,147133,81135,106859,91038,181728,118442,75701,27234,257099,226228,141470,55087,33412,134554,109361,491669,138287,133283,134129,63640,28009,23277,46162,41583,155947,150888,269817,30580,46034,33440,27415,46685,64779,215378,24054,42005,95230,27015,45254,287329,114903,37978,409449,32884,93336,80511,101444,25721,105451,44762,36420,79339,277314,191574,147505,108905,168021,214352,25022,27605,517832,29351,29563,100898,85979,141188,42876,34679,27142,38404,44023,33118,25974,41874,45469
32331,0,58005,482682,173189,38962,40944,55955,56725,54799,33899,56053,42425,50473,49962,44819,64264,29782,24902,35931,142147,186517,30240,53933,708117,214564,459023,284513,168615,30755,139664,73044,98544,82927,172951,111231,69824,37625,250930,217275,134275,46776,26871,126239,102480,483142,130802,126400,127140,56203,39896,36162,57193,52948,148750,145181,262396,25403,37219,43985,36930,39760,57082,208107,34019,54120,88131,30796,37111,280814,108838,49971,400306,25589,86995,71958,97231,35704,96702,55441,46887,72410,269627,184759,142768,102880,159986,208987,35121,39066,512009,29234,40564,93505,82284,134667,54335,43048,37127,29521,37804,44761,35693,52203,57194
47890,58005,0,515529,206742,34487,34943,9680,8994,11988,46380,91448,29818,18360,22087,29814,98251,54757,56687,68712,178530,222898,54781,15338,743072,249293,494298,317586,202676,49214,174005,105131,130821,116104,206304,142874,105451,37308,282939,253050,166266,80427,60736,160058,135953,517489,163487,157433,160191,89184,40733,46545,7636,17485,181307,176574,297065,59610,73300,29328,40751,74147,89591,242924,44266,14137,122012,53137,71234,313253,140755,19786,437047,56844,119796,104717,130162,44111,130795,11436,20544,106831,303134,218044,175353,136917,195725,243058,44300,40261,545468,53155,37233,127824,113313,166740,15654,30939,41258,66566,72767,29704,44194,16594,9757
490567,482682,515529,0,387441,496982,498390,514629,513995,512771,491635,462253,500725,508313,505700,499325,457950,486064,485080,477061,404715,375849,486634,510855,414197,360160,204409,312225,390493,489677,410204,452558,438968,448231,389549,428733,453520,496453,337304,358705,414353,470698,484537,419235,434572,194644,414794,417380,418426,464753,496232,491666,515259,510032,403750,405939,328628,482811,472415,501001,493324,474500,461820,363493,492627,511510,443837,488100,476905,316672,429674,506735,241044,483987,443299,453748,438341,491710,439588,512079,504227,452510,321531,379217,406542,432256,394710,364249,492189,496654,218051,487508,498728,441599,449852,416521,511813,500678,493237,479363,475560,502925,491757,510933,514014
180190,173189,206742,387441,0,188615,189515,204252,204988,204238,180998,151300,193714,199192,197335,190210,145211,175119,170733,165068,92122,83832,176325,203674,614208,120517,369454,192742,76912,179650,97755,142079,125793,137842,79800,110472,140051,185888,151975,120208,100860,154833,173314,104302,121907,392269,101783,107209,105021,154094,187731,183293,207280,201685,89309,95418,169313,171594,162760,191522,183587,162735,149767,101812,182870,202203,130400,177361,164230,188859,115601,197714,300207,172414,133048,141541,126728,182677,124785,204034,195240,142329,174258,87314,94071,121205,81647,112570,184474,186875,415686,177443,189455,128062,138073,100672,204454,192593,186154,170520,165523,193276,184000,202386,207219
28511,38962,34487,496982,188615,0,16146,34259,33847,33467,28229,73009,20771,27819,26642,21039,80610,37516,40906,51205,158069,202241,35514,30471,723191,229006,474587,298729,182561,30603,154292,87420,111392,96577,187207,124247,86624,19663,264126,232959,148621,61906,41043,140829,116298,499766,143248,138446,141978,71155,20806,26426,34409,29682,161640,156121,277778,40919,51329,22123,23218,55874,73024,223871,23739,32050,102545,34074,51763,295774,121606,27113,417198,39797,99753,85846,108661,26008,111458,32513,23277,87186,282861,198903,155584,116736,174848,224203,26291,22236,525793,35118,18952,108731,95400,148191,31953,22194,22485,46283,52238,21641,26849,30037,33884
28799,40944,34943,498390,189515,16146,0,33005,33203,31155,28557,73181,20189,26855,25276,20943,80894,35696,40444,51199,158925,202169,35608,30147,722437,230130,474891,298897,184729,30575,154644,85864,112124,98653,188631,125741,86324,18383,263776,235173,149317,62620,40051,141331,117458,499830,144514,139026,140944,71031,22216,28252,34137,29048,162772,156979,278588,40353,54437,20727,23152,56400,72602,223825,23151,30390,102843,34432,51985,295734,121576,25645,418598,39551,101171,86228,109477,25962,110782,32331,23877,87960,284409,199163,156334,117626,176466,224393,28031,21942,526175,35934,18296,108599,95868,148805,30681,20708,24535,47045,52216,20965,26493,29101,33322
45686,55955,9680,514629,204252,34259,33005,0,7688,7284,45384,89276,27332,16482,20063,27024,96557,53085,55555,67124,175828,220730,52963,13184,740016,246517,491964,315480,199472,46844,171813,103279,129125,113678,205240,141646,103985,34314,281393,251172,164198,76213,58730,157308,134251,515347,161409,155379,158165,87054,38589,44017,8976,14791,179477,174506,294997,57252,72604,27160,37373,72113,88065,240736,42126,11475,120162,51263,67438,311779,137919,17612,436003,55436,117742,102891,127270,42425,128265,9658,21514,104699,302174,216672,173287,134485,193497,240896,43200,38201,542392,51081,34037,125368,110461,164864,13224,29547,39942,64058,70617,29258,42830,14596,8515
46502,56725,8994,513995,204988,33847,33203,7688,0,9512,44170,89788,26886,16860,20495,22596,96815,52895,55645,68040,175976,221298,53047,13744,740858,246851,492260,315204,199628,47004,170757,104049,130099,113124,204022,141094,102681,35304,281705,251426,164380,77441,57318,157250,133671,514789,160883,155263,158811,86226,38175,43525,8876,15273,179115,173444,294693,57566,72258,27036,37837,70793,87163,240258,42190,12199,118816,50529,68656,310731,138367,17506,435395,54774,118290,102007,127230,41959,128169,8698,21250,104531,301602,216958,172813,134675,192605,240346,42876,37369,543220,51075,34989,125068,110221,164836,13236,28215,39350,64610,69861,27628,42600,15286,8261
44248,54799,11988,512771,204238,33467,31155,7284,9512,0,43708,88452,24534,15762,19137,26166,96103,51483,54593,65648,174004,218336,50955,11218,739484,245637,490544,313830,198142,46068,169937,102167,127821,112694,203730,140930,102033,33232,280113,249680,162266,76801,57052,155506,133199,514425,160397,154435,156965,86090,37583,43069,11070,12901,178129,172948,293403,55832,71474,26170,36455,71217,86747,239026,40924,10551,118264,49831,66660,310621,136233,16278,435829,54436,118174,101045,126206,41133,126555,8106,20540,103667,300374,216058,171719,133431,191739,239962,42730,36989,541668,49493,33351,124976,109195,162958,11686,28347,38896,63050,69003,27826,42172,13348,10507
22954,33899,46380,491635,180998,28229,28557,45384,44170,43708,0,65150,33954,37484,35305,30872,72981,28843,33841,44156,152204,193852,29099,42002,715154,223123,466696,292454,174004,24108,146631,79847,104769,90698,180830,116894,79191,27658,256179,226054,142074,53901,33466,133086,109105,493775,135053,130079,134521,62450,29369,24579,47084,41691,155309,151506,269593,32404,46808,31888,25979,48273,63489,215158,23410,41225,94224,25123,43874,287985,114755,37952,409209,31586,93968,76545,102092,22591,105017,44512,35134,79947,275974,191214,147725,109699,168049,215100,24270,27247,519570,28167,29193,103064,89825,140646,42824,34367,24572,38956,45227,33022,23198,41850,44961
63754,56053,91448,462253,151300,73009,73181,89276,89788,88452,65150,0,75856,83750,82001,76948,43437,59063,57373,52558,121244,161740,59283,86736,689674,194791,438128,264256,147220,63870,119233,50835,79629,59546,149822,89634,49467,70382,225565,198318,115734,46803,56836,107506,80145,462069,109763,102617,103017,40450,72089,67437,90614,85239,124965,122848,240161,56672,48050,76808,69889,46739,38573,183962,66006,86671,67802,61163,52458,258377,87355,81932,381323,56756,64842,49841,72198,66495,76199,88534,80160,50105,248556,161144,118565,79751,138881,187600,67284,69927,489996,61457,72147,72842,59985,114038,85252,76113,68556,53098,47317,76848,65412,85326,88519
32302,42425,29818,500725,193714,20771,20189,27332,26886,24534,33954,75856,0,22462,21253,15832,84891,39579,43893,53504,163914,206294,40047,24582,726986,233629,478534,302448,186280,34390,160247,91157,117945,101214,192222,130426,90593,23444,269135,237588,151742,66027,45098,145400,121641,503249,149639,144727,145429,75426,25421,30265,27904,22575,166981,162516,281495,43698,58330,14870,26531,60107,76485,227374,29190,25055,108220,38381,56264,299381,126349,19520,423099,43094,105024,91397,113984,30529,114867,25608,18310,91893,289102,204132,159731,120571,179505,227644,31130,25283,530232,39227,21417,112628,97691,152458,25098,14789,27224,51384,57399,15964,30566,23586,27915
38540,50473,18360,508313,199192,27819,26855,16482,16860,15762,37484,83750,22462,0,8491,22644,90811,47123,48847,62052,170418,213778,47035,14652,733894,240281,485690,308766,193160,41690,166139,98105,122679,109038,199374,134042,97661,28580,275803,244008,158738,70553,52298,151886,127847,509555,156269,150301,151875,80572,33355,38007,18476,13207,175051,168064,289093,50654,66124,21776,32797,65615,81537,234816,35262,10837,113036,45039,61694,306221,132547,12352,428931,49956,111612,96939,121724,36475,122785,15646,14844,98277,295826,210654,166505,128269,187729,235250,38396,32357,537396,44531,30339,119328,104745,159054,14916,24479,34876,58428,63939,22630,36840,13274,17213
36451,49962,22087,505700,197335,26642,25276,20063,20495,19137,35305,82001,21253,8491,0,19273,89442,45370,47836,58811,168017,212065,44596,18307,732527,238744,483617,307153,191015,39203,163316,95346,121046,106819,196753,133129,95478,26597,274710,242417,156577,68628,50607,149565,126074,507676,154260,147372,151462,77849,31158,36168,21799,15494,172492,166175,286394,47831,64883,19663,30784,64148,79264,232681,33269,13944,111407,41998,59109,304348,129636,12859,427006,47849,110655,95276,119631,34028,121202,19133,12825,96146,293697,208355,164548,126572,185648,232437,35295,31018,534249,42614,27960,117313,102314,158003,18227,22410,32763,56285,62020,20625,34375,16935,20102
34706,44819,29814,499325,190210,21039,20943,27024,22596,26166,30872,76948,15832,22644,19273,0,84641,40197,43977,53012,161752,206522,39285,26006,727672,233955,478922,301934,186088,33990,158155,90673,116611,101492,190394,128440,89427,22098,268985,237758,152152,64025,43664,144220,121463,502511,148595,141915,146395,74252,25383,29983,29194,24087,166351,160900,281645,43694,59274,14302,25659,58255,74351,226522,28904,24769,104906,35473,55204,298295,123297,20842,422061,43144,104574,89163,114766,28869,115661,24830,18614,91437,288120,203258,159251,120663,178537,227216,30036,24047,530264,39619,22563,112746,96777,152436,26150,16095,27208,50270,55673,16456,29436,25192,28967
71137,64264,98251,457950,145211,80610,80894,96557,96815,96103,72981,43437,84891,90811,89442,84641,0,69502,64072,57349,119127,159111,69236,95001,681963,190328,435063,259883,141487,70089,114768,45068,74336,57751,146165,84637,45370,77773,222150,193459,110281,51148,63789,102257,75512,460622,104388,102742,101862,48031,79182,74824,98311,94190,120780,118889,235276,66797,54231,82999,75854,53032,43558,179527,75343,92678,61405,71084,55867,254690,80162,89445,375354,63919,59637,45450,70413,74172,73122,94409,87131,45024,243609,158115,115118,75964,134024,182353,73963,78036,485619,69650,80868,68363,57682,109571,94709,84516,77089,61575,56934,84753,76189,94057,96946
28911,29782,54757,486064,175119,37516,35696,53085,52895,51483,28843,59063,39579,47123,45370,40197,69502,0,29990,39009,147229,189713,24242,51409,712159,219664,461787,285773,170939,28179,143250,74114,101050,84083,174847,113283,74968,34577,252686,222171,137553,49316,27569,130335,104300,485214,132324,128648,129824,57369,35164,30382,54359,48914,149872,144995,264460,27251,41793,40469,33206,43012,58100,208311,30231,49896,89159,25122,38943,282212,110930,45719,405308,27823,89381,73422,97183,28710,102226,51997,42851,73948,272719,185951,143136,105278,162938,211361,31291,34928,513349,26276,36020,97479,83176,135663,50637,40522,31815,33585,39844,38485,30201,49127,54244
33089,24902,56687,485080,170733,40906,40444,55555,55645,54593,33841,57373,43893,48847,47836,43977,64072,29990,0,36913,144201,186977,26042,53321,708545,217206,461473,283841,169121,31415,138406,71720,98614,82171,172895,110411,71748,37077,248934,218537,132371,47126,24745,129229,102922,484174,130514,126080,126478,56187,39584,35238,57309,52122,148330,142735,263038,26209,40693,41209,34410,37676,56948,207399,35551,52760,86869,30840,35577,280436,109328,48821,402920,24561,85887,71512,97291,34420,98176,54039,46093,71752,268769,182745,142390,102876,159342,209399,35857,38420,510113,30506,40472,93635,82498,134943,54579,43462,37529,30385,36840,44451,35053,52175,57034
44062,35931,68712,477061,165068,51205,51199,67124,68040,65648,44156,52558,53504,62052,58811,53012,57349,39009,36913,0,135806,179998,39125,66562,702158,208837,451884,275290,160254,40724,133643,63487,90641,75428,166078,102272,64091,48714,242531,211816,128588,38915,35128,120016,93629,478655,124125,119587,119983,47700,51095,46837,69368,64321,138603,137712,256189,37310,32370,54730,47225,32835,48697,200294,46034,64653,82344,39761,29098,272519,98341,60086,394393,35240,76920,63927,88722,47279,90609,66730,56920,65635,263280,177164,135495,95507,153027,202240,46176,49623,504254,41351,52075,86776,73035,126760,66206,55005,48534,34130,30279,56290,46214,63664,68779
150684,142147,178530,404715,92122,158069,158925,175828,175976,174004,152204,121244,163914,170418,168017,161752,119127,147229,144201,135806,0,100230,145201,171342,630826,136501,381160,208578,87856,149602,65281,110247,96481,107698,92644,85216,111659,156420,170521,140348,72460,128783,141920,72868,88955,408327,73341,75997,73905,124012,157103,153487,177098,172027,69457,64918,185191,142046,132548,163540,155661,132331,123795,124996,152242,173227,102298,147887,136016,206935,89955,169686,319065,144396,102310,112967,96914,153875,97905,174222,167030,111149,190814,104678,63571,90831,77877,129098,152194,154867,433304,147245,158105,98434,107625,72552,173312,163613,154918,139866,133913,164340,153554,172076,176669
194668,186517,222898,375849,83832,202241,202169,220730,221298,218336,193852,161740,206294,213778,212065,206522,159111,189713,186977,179998,100230,0,186735,215946,600744,106909,352590,180638,85654,193036,105961,150329,136579,147962,86116,125528,152757,200612,142335,109402,110982,172437,184676,114756,132001,382137,111211,115277,114975,166350,201151,197651,221488,215915,100459,104666,154537,185134,177338,206402,199337,177079,164221,92140,195694,217795,142600,191419,179196,176605,129841,213062,286765,186902,144734,155433,137778,197673,135599,219262,210922,153623,162436,75322,105393,130475,93663,101224,196542,198101,403698,190913,201309,139086,148913,113318,217170,207811,198588,182208,177875,207048,197514,215900,220979
27085,30240,54781,486634,176325,35514,35608,52963,53047,50955,29099,59283,40047,47035,44596,39285,69236,24242,26042,39125,145201,186735,0,48159,710077,217076,461785,286387,171295,27861,140766,74054,100046,84921,173743,113277,74588,34471,252130,221687,135339,50532,26215,128875,102230,486268,132444,128296,129094,58001,33226,30600,53575,47670,150288,145583,264818,27573,44391,39485,32448,43388,59950,210369,30577,50400,89931,24436,39691,283492,110770,46115,405340,28023,90319,74236,99133,30380,99568,51725,43269,76452,273183,184875,143012,105514,162762,211569,29943,31956,512135,24918,35300,95973,84266,137247,49469,40132,32061,33803,39000,40379,30641,48401,53474
42814,53933,15338,510855,203674,30471,30147,13184,13744,11218,42002,86736,24582,14652,18307,26006,95001,51409,53321,66562,171342,215946,48159,0,734404,240385,489006,310866,197576,45724,166387,100451,125907,110416,200752,139884,101625,32688,278073,248106,162660,76067,53472,150504,128851,512655,158721,152495,154167,82724,34189,41015,14794,12689,177133,170360,290383,54510,69686,26018,35683,70043,84655,238536,38886,10567,117020,48277,66540,310157,136181,16116,433161,53734,115336,101133,123544,39923,125871,12182,20288,100919,297856,213524,169431,131841,188515,237294,40512,33761,538810,47367,32355,122402,107813,162496,11170,26779,37032,60546,66695,25820,40034,11832,13793
715040,708117,743072,414197,614208,723191,722437,740016,740858,739484,715154,689674,726986,733894,732527,727672,681963,712159,708545,702158,630826,600744,710077,734404,0,580639,430440,542652,615504,713756,632351,677229,659387,670272,613174,653810,677579,720914,562057,580214,639836,694371,706928,639954,658393,409417,638751,643565,642575,689032,721615,717195,741906,736697,629377,630184,552753,709124,697438,726900,720677,699629,688065,588284,717068,737435,666580,712803,700986,541227,655421,732958,465825,709640,670952,679277,662844,716397,661231,739280,731530,680071,549664,601690,630837,657151,621889,585124,717244,719501,393494,712917,722481,665282,673865,638800,737826,727045,718410,702730,701251,728844,719192,735424,741433
223479,214564,249293,360160,120517,229006,230130,246517,246851,245637,223123,194791,233629,240281,238744,233955,190328,219664,217206,208837,136501,106909,217076,240385,580639,0,337315,161269,121361,221907,140730,185488,168314,179759,124461,159383,184956,229429,126144,91377,148495,201958,213497,145923,165354,361764,147332,149972,148164,196697,228978,224286,247933,243040,137188,137857,137720,215559,206127,234657,226626,204874,196064,95301,223087,244274,174847,218968,208133,161396,161554,240023,272552,216957,177011,185722,171441,223350,171096,245439,236923,184402,142007,110429,139720,163660,128834,95043,222719,228122,385107,219716,229200,170793,182070,147579,243907,234094,227233,210463,206996,235307,224871,241897,247324
465852,459023,494298,204409,369454,474587,474891,491964,492260,490544,466696,438128,478534,485690,483617,478922,435063,461787,461473,451884,381160,352590,461785,489006,430440,337315,0,293512,367924,464502,387433,430195,416717,423508,366232,404256,430121,473412,313185,337436,388772,447079,457854,395062,409119,209563,392517,394097,393981,441734,471989,468517,492792,487967,382473,381406,306813,459272,450174,479568,471809,450059,437481,339734,469010,489041,418676,465093,453480,289699,406849,484862,209241,460194,421062,427759,414468,469013,416747,491352,483186,430769,298410,358842,382275,409675,374093,337770,467928,472653,228864,463807,473527,418206,423369,389772,488612,480063,470062,455276,453029,479506,469566,487194,492803
290964,284513,317586,312225,192742,298729,298897,315480,315204,313830,292454,264256,302448,308766,307153,301934,259883,285773,283841,275290,208578,180638,286387,310866,542652,161269,293512,0,193254,289774,213803,252603,238599,248938,190726,229950,254109,296510,142697,163922,216690,267949,283418,218086,235319,321663,218471,219635,220819,266348,295945,292757,315988,310611,204939,209272,130399,282618,274746,301250,294497,274279,264523,167598,293060,311209,243720,289207,277480,120643,231027,308448,226019,285582,246720,254921,240724,293375,238585,313562,306454,253337,126298,181648,209903,232691,198411,167368,292212,295773,342838,287773,296263,244040,250387,217078,312548,302293,293118,278854,275387,302214,292916,309848,314547
175222,168615,202676,390493,76912,182561,184729,199472,199628,198142,174004,147220,186280,193160,191015,186088,141487,170939,169121,160254,87856,85654,171295,197576,615504,121361,367924,193254,0,173646,92411,137767,118585,132414,77422,111074,137079,181572,155773,125732,97168,152969,167310,99894,119639,394811,97631,101577,100201,148870,182969,179669,201798,195883,86345,90078,167685,168638,158770,186192,179259,158517,145915,106762,178150,196287,126344,171729,161132,190263,115259,192168,302825,170016,127202,136757,123116,176631,122859,198402,191466,136111,175872,88180,91277,114897,81023,113634,178896,181363,418686,173255,182069,125336,133993,97076,197716,187425,179306,165888,159533,187652,178250,196814,201067
21752,30755,49214,489677,179650,30603,30575,46844,47004,46068,24108,63870,34390,41690,39203,33990,70089,28179,31415,40724,149602,193036,27861,45724,713756,221907,464502,289774,173646,0,146339,78241,104811,88866,179502,117172,77011,28682,254987,225206,139332,52271,30984,132820,107239,489753,136471,133023,132577,62582,29137,24869,48476,44003,153021,149614,269525,31552,46592,33136,26203,45813,61519,213224,24626,43381,94050,25303,40852,284719,112703,37904,408337,29792,92122,78035,101952,24429,103751,46548,36906,78863,276070,190122,146877,108553,165993,214030,25270,28451,515622,28465,29971,99970,86187,140574,45042,33675,25738,37228,42527,35344,25444,44112,48515
147133,139664,174005,410204,97755,154292,154644,171813,170757,169937,146631,119233,160247,166139,163316,158155,114768,143250,138406,133643,65281,105961,140766,166387,632351,140730,387433,213803,92411,146339,0,105414,92316,102927,96071,85045,108200,152117,173552,145139,70309,126036,135467,72079,89220,413494,69936,76896,73052,119601,151788,149242,171997,166772,70214,68567,188402,138977,129713,158123,151440,130668,118714,127415,148411,168272,96537,142934,132469,209284,86594,164803,325600,138325,100485,109818,94991,148818,92664,169769,161291,107544,191851,106861,63890,88852,81454,130195,148605,151372,435013,144118,153972,96521,104418,72371,167233,158444,150061,134917,131442,158359,149099,167315,171148
81135,73044,105131,452558,142079,87420,85864,103279,104049,102167,79847,50835,91157,98105,95346,90673,45068,74114,71720,63487,110247,150329,74054,100451,677229,185488,430195,252603,137767,78241,105414,0,66444,50331,138433,80501,42136,85013,218752,186339,106083,58802,71697,96933,70808,455728,99662,94470,96978,52385,85554,81702,105451,100224,113810,112269,229276,71623,62661,91211,84192,63112,51476,174825,82733,101410,56963,76274,65747,251094,76414,97053,369528,72741,52415,41270,64171,81380,70172,102833,93949,40192,237137,152015,110390,70506,128416,178059,80919,84568,479701,76544,85438,63299,50648,105545,100199,90008,83023,66861,62960,90119,80125,98285,104208
106859,98544,130821,438968,125793,111392,112124,129125,130099,127821,104769,79629,117945,122679,121046,116611,74336,101050,98614,90641,96481,136579,100046,125907,659387,168314,416717,238599,118585,104811,92316,66444,0,62251,123965,65813,70780,112175,201316,172735,87967,84960,98493,79699,55280,439764,83940,80342,79992,77695,111806,107916,130077,124610,96210,96533,213266,100371,89957,115723,109820,88998,80384,156277,106233,126466,58249,101264,91413,238910,62888,121497,354416,99297,59507,66448,53177,107678,53934,128737,119987,66788,219959,136063,92368,53454,110784,163105,106083,109944,463459,101062,111452,57323,66486,88427,125791,115384,109667,92757,89970,116301,106025,124207,129616
91038,82927,116104,448231,137842,96577,98653,113678,113124,112694,90698,59546,101214,109038,106819,101492,57751,84083,82171,75428,107698,147962,84921,110416,670272,179759,423508,248938,132414,88866,102927,50331,62251,0,131808,73778,54513,96108,212761,182924,100004,71467,83026,91910,66335,449011,94471,88847,91349,61904,94875,92557,114868,108695,110493,106650,221651,83748,72474,100894,92875,72337,64511,168722,92514,111483,50052,86621,75892,245475,71333,106614,364867,81902,47456,52233,57508,91007,64801,113544,104008,51499,231940,147190,103891,63119,117879,171976,93170,95593,473244,87049,95701,57286,46483,100896,109312,99853,91568,76240,73495,100114,90578,107972,113005
181728,172951,206304,389549,79800,187207,188631,205240,204022,203730,180830,149822,192222,199374,196753,190394,146165,174847,172895,166078,92644,86116,173743,200752,613174,124461,366232,190726,77422,179502,96071,138433,123965,131808,0,115006,139701,186570,152949,124724,101374,159539,172048,99632,120731,394647,101707,103897,103877,152968,185939,181533,205334,199613,87705,90846,171965,172584,162294,192210,184211,162983,151249,107206,182402,202051,127278,177921,166118,187409,117087,198250,303501,173548,129622,140339,125666,181677,123749,203188,195422,137747,173846,84826,94971,118753,78157,112824,182304,184941,417364,176537,186385,125040,135515,100996,200828,189881,183746,166552,163519,191916,181240,199504,205451
118442,111231,142874,428733,110472,124247,125741,141646,141094,140930,116894,89634,130426,134042,133129,128440,84637,113283,110411,102272,85216,125528,113277,139884,653810,159383,404256,229950,111074,117172,85045,80501,65813,73778,115006,0,80261,123984,192399,162186,79170,95221,110338,71756,61185,426851,73807,71217,72319,91574,125439,121263,143314,137755,90053,89800,208045,110448,100232,128872,120085,97675,89549,147458,119736,137547,70426,116955,102086,226525,57443,134238,343557,108344,70214,79457,66752,119139,65015,139740,131486,76481,214688,127464,80745,59725,102775,153776,120296,123713,454972,116479,125549,65650,76261,81588,139984,130115,121388,107592,103889,128524,120734,137082,142319
75701,69824,105451,453520,140051,86624,86324,103985,102681,102033,79191,49467,90593,97661,95478,89427,45370,74968,71748,64091,111659,152757,74588,101625,677579,184956,430121,254109,137079,77011,108200,42136,70780,54513,139701,80261,0,83979,217618,186567,105953,59254,70909,97105,73210,454414,97254,96716,98522,56231,85222,80094,103595,99816,114866,115019,230488,72459,59817,89721,82220,59848,50664,174293,81335,100878,56521,75620,63787,251150,79356,95547,368390,70363,53899,41032,63329,80572,68722,101303,93871,41660,240807,155059,110538,70202,128204,179671,81255,82380,479643,75916,85926,63783,51850,103873,100339,90674,83243,66655,64378,90301,82367,100193,103518
27234,37625,37308,496453,185888,19663,18383,34314,35304,33232,27658,70382,23444,28580,26597,22098,77773,34577,37077,48714,156420,200612,34471,32688,720914,229429,473412,296510,181572,28682,152117,85013,112175,96108,186570,123984,83979,0,263173,230352,147012,59349,38078,139976,114769,497265,145025,137079,139157,68938,19965,26369,37118,30355,161535,155028,275155,38296,54916,21392,18939,53269,69381,218782,23708,31515,100666,32159,48564,293605,119895,28056,417169,36590,100264,84503,108784,24259,110445,33760,24952,86421,283106,198038,154831,115579,174325,222190,25120,20067,524986,33263,19369,107072,93583,148044,33796,22965,21158,45262,50421,22448,25870,31166,36495
257099,250930,282939,337304,151975,264126,263776,281393,281705,280113,256179,225565,269135,275803,274710,268985,222150,252686,248934,242531,170521,142335,252130,278073,562057,126144,313185,142697,155773,254987,173552,218752,201316,212761,152949,192399,217618,263173,0,121049,178853,234646,249263,180979,199430,341172,180580,182084,181378,229609,262796,259614,282995,277904,170006,171271,116582,250539,238471,267931,260706,239556,227468,131363,258305,278738,205795,253944,241377,139212,195680,273761,249034,248031,208301,218300,202589,258388,201586,279599,271043,217238,119355,145187,172092,197452,160300,129153,258249,261556,365681,253344,264400,205433,215044,180795,279453,267894,259507,245639,239858,269105,257953,277737,281430
226228,217275,253050,358705,120208,232959,235173,251172,251426,249680,226054,198318,237588,244008,242417,237758,193459,222171,218537,211816,140348,109402,221687,248106,580214,91377,337436,163922,125732,225206,145139,186339,172735,182924,124724,162186,186567,230352,121049,0,148508,207653,219576,152574,170385,359391,151157,153961,154441,201704,232117,228413,251592,244917,138447,141740,136377,220894,208496,237464,231221,208505,199465,100016,228724,246817,176698,222875,212418,159893,167757,243698,268537,216478,180830,189977,174074,229787,173243,249992,241108,188481,140156,115436,141813,166597,129661,98716,229104,233231,386714,224569,234623,177614,185967,147386,247694,237497,230508,216404,209669,237836,229218,246068,250859
141470,134275,166266,414353,100860,148621,149317,164198,164380,162266,142074,115734,151742,158738,156577,152152,110281,137553,132371,128588,72460,110982,135339,162660,639836,148495,388772,216690,97168,139332,70309,106083,87967,100004,101374,79170,105953,147012,178853,148508,0,121345,134420,70780,88793,418739,67681,69903,68907,115620,146153,143047,164802,160537,76279,74202,193135,135462,124894,150912,144187,124781,114647,130820,143110,161473,93154,137783,126310,211897,82243,156662,327445,134750,97212,105925,89664,142967,85901,163390,155252,104121,199794,112386,69673,83421,87047,138078,144110,146797,439718,138423,148835,89820,100427,67684,161292,153691,145646,132014,126833,152682,144212,161164,164667
55087,46776,80427,470698,154833,61906,62620,76213,77441,76801,53901,46803,66027,70553,68628,64025,51148,49316,47126,38915,128783,172437,50532,76067,694371,201958,447079,267949,152969,52271,126036,58802,84960,71467,159539,95221,59254,59349,234646,207653,121345,0,47533,115067,89670,471838,116628,113430,116248,42385,62062,57624,78799,74166,132962,131247,247636,46219,36757,63337,56792,36604,43066,190129,56065,71970,72843,51852,39057,268858,89388,70893,387304,47487,71665,58938,81221,55428,84576,75865,69025,58912,256145,170235,129486,87960,146328,195853,57447,59960,497107,51126,60808,80063,66830,122521,77367,65896,58927,43747,38920,66637,56959,74691,79090
33412,26871,60736,484537,173314,41043,40051,58730,57318,57052,33466,56836,45098,52298,50607,43664,63789,27569,24745,35128,141920,184676,26215,53472,706928,213497,457854,283418,167310,30984,135467,71697,98493,83026,172048,110338,70909,38078,249263,219576,134420,47533,0,124056,96005,484281,129501,123633,126165,54586,38517,34825,59426,54369,146715,141242,263221,26506,40212,44692,36755,39587,54339,206294,34428,54963,87572,29163,37964,280441,107047,51064,402981,23018,85782,71793,94860,34625,96987,57874,49210,71375,267338,183014,139787,101441,158895,207910,32968,36543,507034,28113,39821,93830,79407,133682,55424,44751,36704,30384,36503,44874,34328,54346,58919
134554,126239,160058,419235,104302,140829,141331,157308,157250,155506,133086,107506,145400,151886,149565,144220,102257,130335,129229,120016,72868,114756,128875,150504,639954,145923,395062,218086,99894,132820,72079,96933,79699,91910,99632,71756,97105,139976,180979,152574,70780,115067,124056,0,76165,419783,59761,61521,63463,107958,139205,137009,158820,153073,79759,77096,195229,128240,116588,143880,137437,117573,106657,136536,135204,154649,86320,133091,121344,215001,72405,150042,335179,128454,89582,98739,82962,137237,79757,156176,148236,97111,203056,115016,73453,76437,89025,141422,136412,139841,442198,129387,140803,84616,93829,69268,154486,146071,137766,121502,117651,145762,137362,153166,157215
109361,102480,135953,434572,121907,116298,117458,134251,133671,133199,109105,80145,121641,127847,126074,121463,75512,104300,102922,93629,88955,132001,102230,128851,658393,165354,409119,235319,119639,107239,89220,70808,55280,66335,120731,61185,73210,114769,199430,170385,88793,89670,96005,76165,0,435788,77796,81018,77406,82381,112922,111044,134931,129008,95392,93153,210586,102591,90955,121393,112650,92670,80196,155747,109521,130762,61195,106902,94137,235582,59462,126359,349370,100829,63925,70232,58333,111900,56302,132839,124165,68774,219649,133955,89310,51758,107804,158073,109559,114144,459467,106356,116756,58365,68490,86503,130453,121038,111683,97929,94022,119321,111739,128833,133588
491669,483142,517489,194644,392269,499766,499830,515347,514789,514425,493775,462069,503249,509555,507676,502511,460622,485214,484174,478655,408327,382137,486268,512655,409417,361764,209563,321663,394811,489753,413494,455728,439764,449011,394647,426851,454414,497265,341172,359391,418739,471838,484281,419783,435788,0,421084,420348,420774,466093,497572,494582,515621,511238,408406,411483,334236,484981,475899,502011,494856,474324,466480,363927,493733,512704,445511,488364,476873,319904,433814,507407,247634,485067,446235,453072,440571,492474,439594,513191,504009,454142,327493,381431,408852,433890,399402,367025,492159,495478,215189,488312,496568,440091,450018,416381,511185,501096,494877,479469,475348,501961,493289,510833,515430
138287,130802,163487,414794,101783,143248,144514,161409,160883,160397,135053,109763,149639,156269,154260,148595,104388,132324,130514,124125,73341,111211,132444,158721,638751,147332,392517,218471,97631,136471,69936,99662,83940,94471,101707,73807,97254,145025,180580,151157,67681,116628,129501,59761,77796,421084,0,65070,61962,111747,143428,138382,162559,156908,78076,74983,192078,131323,116769,147817,143502,120520,108332,133341,138193,159160,89009,134954,123073,217374,77678,154675,329052,129115,91785,99630,86631,140478,81292,160251,151879,99754,198899,112507,70998,79250,89946,141339,139069,143118,440463,133344,145278,84863,95488,69923,157865,147728,140389,125999,120656,148841,139389,157897,161432
133283,126400,157433,417380,107209,138446,139026,155379,155263,154435,130079,102617,144727,150301,147372,141915,102742,128648,126080,119587,75997,115277,128296,152495,643565,149972,394097,219635,101577,133023,76896,94470,80342,88847,103897,71217,96716,137079,182084,153961,69903,113430,123633,61521,81018,420348,65070,0,61940,104763,136794,135010,156489,150904,80232,76065,196642,126203,116597,142771,135064,115332,106666,137155,134805,153442,87779,128050,119889,215756,74828,148993,333834,126051,86701,96378,82149,132198,82726,155063,145871,96446,204129,115333,71864,77206,93788,142697,133549,137100,443861,128094,138608,83177,91442,70027,151995,143980,135635,119063,115056,143653,133233,152545,155276
134129,127140,160191,418426,105021,141978,140944,158165,158811,156965,134521,103017,145429,151875,151462,146395,101862,129824,126478,119983,73905,114975,129094,154167,642575,148164,393981,220819,100201,132577,73052,96978,79992,91349,103877,72319,98522,139157,181378,154441,68907,116248,126165,63463,77406,420774,61962,61940,0,106653,138762,136040,158923,154624,79480,75709,196154,128507,118653,145337,138234,115882,107808,135427,137151,155438,88919,130290,121059,214420,73116,151555,333358,126575,88881,99016,81465,136118,80226,155455,149925,95914,201913,115309,73196,76198,91286,142083,136705,139240,443855,130288,140924,82605,93448,71419,153305,144022,137741,123541,115842,146163,134637,154417,158592
63640,56203,89184,464753,154094,71155,71031,87054,86226,86090,62450,40450,75426,80572,77849,74252,48031,57369,56187,47700,124012,166350,58001,82724,689032,196697,441734,266348,148870,62582,119601,52385,77695,61904,152968,91574,56231,68938,229609,201704,115620,42385,54586,107958,82381,466093,111747,104763,106653,0,67341,64303,88146,82231,126259,122392,242513,57012,45818,73954,66179,45843,38107,185762,63986,83851,68410,59611,47458,263697,89943,79482,382269,56252,67268,53067,77510,63427,82359,86476,76804,52215,249864,165350,123319,82897,142347,189836,63772,68251,491280,59053,67869,75856,63981,116288,83780,73815,66826,52502,47337,73798,63572,82368,87111
28009,39896,40733,496232,187731,20806,22216,38589,38175,37583,29369,72089,25421,33355,31158,25383,79182,35164,39584,51095,157103,201151,33226,34189,721615,228978,471989,295945,182969,29137,151788,85554,111806,94875,185939,125439,85222,19965,262796,232117,146153,62062,38517,139205,112922,497572,143428,136794,138762,67341,0,18828,38867,34636,161800,154849,276572,39051,54647,24501,22054,54588,69830,221723,23187,35622,100517,32292,49895,294600,121062,31539,416810,37647,100039,85062,108103,24538,110836,37209,28647,86398,283393,198625,155342,116336,173766,222875,25961,20020,524841,34480,21204,106297,93438,147957,35209,25030,21983,43865,50598,25059,24627,33219,38616
23277,36162,46545,491666,183293,26426,28252,44017,43525,43069,24579,67437,30265,38007,36168,29983,74824,30382,35238,46837,153487,197651,30600,41015,717195,224286,468517,292757,179669,24869,149242,81702,107916,92557,181533,121263,80094,26369,259614,228413,143047,57624,34825,137009,111044,494582,138382,135010,136040,64303,18828,0,44319,40374,157896,151907,271944,33239,48669,30375,24094,50038,65960,216829,21865,40864,96907,30142,45895,290712,117654,37017,413026,35855,96747,81450,105417,20710,105906,42561,34951,82432,278953,193657,150776,112630,169746,218469,21227,25184,520675,32298,26494,103273,88896,143033,41089,29636,22885,38963,45340,31309,21161,39783,44694
46162,57193,7636,515259,207280,34409,34137,8976,8876,11070,47084,90614,27904,18476,21799,29194,98311,54359,57309,69368,177098,221488,53575,14794,741906,247933,492792,315988,201798,48476,171997,105451,130077,114868,205334,143314,103595,37118,282995,251592,164802,78799,59426,158820,134931,515621,162559,156489,158923,88146,38867,44319,0,15735,180395,175090,295921,57684,72884,28320,39537,72783,89623,241722,42760,13039,121750,51079,69654,313105,140919,19056,436341,56410,119540,105101,128548,43835,128815,9892,23516,106867,304024,217686,175385,136961,195565,243318,43942,38687,543680,52511,36013,126128,111709,165398,15376,30443,40406,65342,72109,29460,43178,16264,8715
41583,52948,17485,510032,201685,29682,29048,14791,15273,12901,41691,85239,22575,13207,15494,24087,94190,48914,52122,64321,172027,215915,47670,12689,736697,243040,487967,310611,195883,44003,166772,100224,124610,108695,199613,137755,99816,30355,277904,244917,160537,74166,54369,153073,129008,511238,156908,150904,154624,82231,34636,40374,15735,0,175368,169145,290944,52161,68257,23641,34654,67988,84194,237517,37803,11568,115593,46576,64307,307708,134160,14411,431352,51209,114533,99664,123487,38906,124730,14607,18025,99810,297611,212111,168340,130266,188652,235449,38597,34160,537843,45242,30314,120995,106822,160653,12665,24846,36187,59785,65104,23975,38291,10465,14794
155947,148750,181307,403750,89309,161640,162772,179477,179115,178129,155309,124965,166981,175051,172492,166351,120780,149872,148330,138603,69457,100459,150288,177133,629377,137188,382473,204939,86345,153021,70214,113810,96210,110493,87705,90053,114866,161535,170006,138447,76279,132962,146715,79759,95392,408406,78076,80232,79480,126259,161800,157896,180395,175368,0,68993,183208,148561,135265,164687,160004,135790,126626,121255,156693,177338,104587,152754,140755,202986,92256,172071,320856,147287,105977,115002,101059,156578,100140,178269,170573,116322,189543,101201,68016,95332,76334,129999,158051,161592,430245,150632,161318,103795,110996,74791,176929,166340,160241,144137,138846,167471,156899,175465,180158
150888,145181,176574,405939,95418,156121,156979,174506,173444,172948,151506,122848,162516,168064,166175,160900,118889,144995,142735,137712,64918,104666,145583,170360,630184,137857,381406,209272,90078,149614,68567,112269,96533,106650,90846,89800,115019,155028,171271,141740,74202,131247,141242,77096,93153,411483,74983,76065,75709,122392,154849,151907,175090,169145,68993,0,182333,143242,134810,161130,154593,134183,121799,123338,150664,170725,103006,147297,135808,206363,92057,166130,321609,144618,102684,112633,99942,151331,97005,172048,164996,113127,189668,106186,68369,93739,81757,130260,151586,154401,436128,148065,157075,99124,108171,73680,170214,160367,153016,138670,134153,162052,151580,169146,174693
269817,262396,297065,328628,169313,277778,278588,294997,294693,293403,269593,240161,281495,289093,286394,281645,235276,264460,263038,256189,185191,154537,264818,290383,552753,137720,306813,130399,167685,269525,188402,229276,213266,221651,171965,208045,230488,275155,116582,136377,193135,247636,263221,195229,210586,334236,192078,196642,196154,242513,276572,271944,295921,290944,183208,182333,0,261277,252041,280633,272996,252530,241650,143045,271823,291798,218531,266512,253065,133882,208094,286735,240902,262387,221987,229364,216253,272680,214764,293339,285861,229260,108953,157721,187158,211844,173926,143839,272593,275116,357609,268000,277722,217279,226264,193821,291447,282230,272759,258791,252906,281575,271491,290289,295560
30580,25403,59610,482811,171594,40919,40353,57252,57566,55832,32404,56672,43698,50654,47831,43694,66797,27251,26209,37310,142046,185134,27573,54510,709124,215559,459272,282618,168638,31552,138977,71623,100371,83748,172584,110448,72459,38296,250539,220894,135462,46219,26506,128240,102591,484981,131323,126203,128507,57012,39051,33239,57684,52161,148561,143242,261277,0,41326,44092,35511,40563,58505,208158,34652,54291,89132,30053,35768,280625,107455,50678,401899,26560,87090,73139,94686,34627,98191,55578,47654,71643,268540,184002,139259,102279,158985,207802,35326,37693,511842,29965,40055,94860,80369,133638,54790,43999,35604,31124,37247,44982,33366,53238,57647
