0,301460,864230,135903,158766,174362,136280,179190,801217,363654,3249930,3658896,837364,231660,915527,102994,3536978,2552834,482987,891393,196038,183867,167413,1467392,2742988,191568,226629,316993,99893,449775,1030168,6136628,330881,172131,917821,135536,617766,207262,173919,94055,761974,107567,153896,224691,239761,87607,134619,96851,1624629,176386,663423,1899220,128973,325512,789854,534097,146299,161091,201371,190647,434502,5040721,2798240,291115,137777,141773,1131012,3119974,131385,105859,189545,664584,158242,304790,166108,176666,387451,2604606,167518,196101,197672,103307,171033,197035,2644076,370588,1537546,333751,897731,176965,110715,146597,911989,164996,183008,190480,230294,112814
301460,0,722092,351443,371986,389090,354322,393106,657793,216224,3100804,3513684,686496,208014,767201,291086,3392672,2402016,341629,745903,228646,397601,382039,1324042,2600430,406330,444259,184055,312741,305685,882624,5997354,190423,386417,769897,350158,476168,424538,387967,309545,623404,321507,368058,441757,202729,304483,350225,309597,1484499,236876,522039,1749154,346321,183780,647704,385225,250495,252643,220369,230023,295410,4897301,2658578,172747,353399,356941,985032,2980008,273439,319143,229481,519438,368966,160730,380908,388048,248075,2462828,249732,410605,411974,316705,384911,413727,2506758,224400,1393198,189043,753573,245033,323915,360597,758083,380016,397944,408418,447740,282684
864230,722092,0,917437,939242,956586,922362,961304,396755,685626,2729368,3140760,377288,773004,393999,863350,3008112,2016628,605073,387189,796956,967143,948225,954252,2225634,974308,1010539,720429,885475,632713,509528,5617182,714763,954759,405817,915784,517244,991346,956535,879221,421396,893551,937372,1008601,772461,874577,918871,882999,1105343,805650,481559,1358358,915297,711488,407072,567255,823357,816891,793723,798583,636180,4523671,2290702,735783,921485,926127,612458,2612484,842957,891219,796431,488550,941814,721934,950980,957940,667133,2096588,817272,978835,980602,888959,955091,979649,2132900,676208,1026304,704177,371091,815339,896383,930047,385121,948858,965262,974904,1014204,855470
135903,351443,917437,0,79895,98117,61635,103895,849370,400063,3301457,3706239,880065,275501,962086,145153,3578853,2597949,528706,934306,247865,108776,90510,1510481,2794123,113161,156030,362498,114978,492122,1073153,6182717,375676,95508,961422,61821,660605,137333,95902,122254,804159,99352,79063,152944,284806,128390,57764,119576,1677768,225751,709458,1951527,60996,366873,835913,581390,198316,215272,251664,238416,479721,5090618,2847507,334164,61426,67340,1175055,3165355,180304,101578,241256,712959,89257,355535,91703,100243,433818,2651225,215919,124342,126027,109528,95038,124914,2692947,421431,1583941,381090,949048,223942,94210,74518,964718,90943,108589,118401,159537,158415
158766,371986,939242,79895,0,59838,75890,67940,873563,432970,3323518,3731154,907048,304114,985333,170132,3606736,2620096,555171,958477,271362,72169,49389,1534322,2815676,79652,119443,380163,139563,519189,1095456,6205722,400935,61051,985837,87378,686314,100264,62153,145173,827144,124029,55086,116459,309135,152087,84537,142213,1700903,252110,733517,1977814,86557,391504,860098,603917,223395,236853,277641,264013,503458,5109159,2869838,362473,79977,71259,1198584,3188962,205843,128033,272637,736430,51868,379526,56694,63992,455965,2677230,238056,87343,88972,134465,58149,86609,2719092,445586,1608836,404643,973881,248987,119791,63437,986899,54604,72400,82234,122994,184848
174362,389090,956586,98117,59838,0,94464,40266,888343,448410,3337438,3747506,924208,320164,1003897,187136,3623292,2635128,571497,974205,286250,49779,46671,1552384,2831710,54676,96293,391657,154745,536087,1111468,6223418,417805,36817,1002277,101748,700360,78290,41479,159895,842032,139443,72026,93473,325511,166053,100353,158519,1717387,270252,748979,1991938,100863,406852,874938,621001,240091,253471,292491,280259,522680,5123485,2884152,377169,95053,86601,1215452,3199400,220369,141975,288665,753420,58880,394906,48686,40208,475431,2689252,253796,63867,65472,148717,45073,63009,2734270,461280,1624608,418693,988287,266493,137603,79451,1006131,49902,47946,60092,100056,201006
136280,354322,922362,61635,75890,94464,0,101714,849063,410724,3301936,3708724,881806,281794,965387,147680,3587880,2597406,533135,938305,248402,106799,83511,1511526,2794870,112308,153139,362641,117155,497147,1074418,6188418,378469,96091,965663,63732,664982,134750,94145,122615,808306,102189,73374,150815,286179,132373,63873,123491,1677699,231068,713697,1954498,62195,370796,840662,581397,200863,215351,252127,238791,482618,5090501,2849020,336391,60727,64631,1180072,3166640,182669,101415,244495,716742,83540,360142,89768,99122,438953,2654424,217730,121903,123500,115291,94469,121303,2697988,423854,1586170,382551,950813,224597,97083,70257,968433,88048,107264,115134,156686,161182
179190,393106,961304,103895,67940,40266,101714,0,894283,454458,3342462,3750436,928664,326400,1009437,194592,3628578,2641182,577555,979677,291502,39559,50807,1557960,2834742,49496,87865,401721,161437,542665,1115572,6227982,422493,43683,1008077,106866,705980,69786,48283,167023,850676,145623,75882,84171,328715,171977,105945,163167,1722843,273432,752705,1998948,105973,413948,881110,627425,245233,254759,295175,283187,525976,5128497,2888176,381437,100375,92547,1220836,3208412,226015,145763,293473,760280,63236,400278,55810,38896,480563,2697148,259138,54855,56020,153511,50317,55685,2737626,465900,1628450,425351,993837,268733,143221,84951,1009899,55600,40286,50938,91596,204462
801217,657793,396755,849370,873563,888343,849063,894283,0,614959,2777339,3190503,355391,704633,444968,787443,3057295,2062173,536498,428676,726009,898050,882634,1000571,2275271,905003,945576,655108,809614,561370,559895,5666467,636826,886404,453142,846339,453005,925225,885944,808968,363289,819366,867031,943234,701892,803184,847230,810062,1159110,736505,416870,1404021,843612,640805,343333,504456,752670,751284,723514,730508,568713,4581068,2335539,669134,853320,854294,666035,2655545,771860,818862,726934,428653,876169,651559,880303,890081,594592,2144065,743801,913196,915259,815484,883232,914310,2185863,610075,1078879,633952,423866,742514,824852,863088,440832,877911,896743,908735,948987,782079
363654,216224,685626,400063,432970,448410,410724,454458,614959,0,3064552,3472970,636722,258934,725289,343820,3348600,2360770,299071,707859,282138,459059,441249,1280636,2562030,463158,507549,212679,369611,259639,841606,5960308,197627,448321,735695,406416,440044,488434,449477,368287,578936,380493,426810,504411,263659,366557,408811,369793,1448145,297114,484781,1711942,405441,200852,608346,344201,311815,312715,282591,293213,260972,4863553,2618134,226523,414975,418971,940422,2937126,331399,383429,285999,477366,441454,217180,444984,451270,211589,2426314,307104,475927,478554,378161,446653,476473,2469486,185718,1355680,196259,710717,304505,380827,423485,719795,442818,460482,471392,511056,344312
3249930,3100804,2729368,3301457,3323518,3337438,3301936,3342462,2777339,3064552,0,1563124,2754194,3153702,2698435,3236492,1429526,1646578,2982431,2720473,3172166,3348201,3331931,2335520,1519294,3356994,3398663,3102927,3260937,3008247,2626584,4024638,3080337,3337823,2699033,3293946,2896502,3378310,3339739,3256143,2799606,3272175,3318272,3394881,3150477,3255533,3302015,3257983,2229141,3188150,2860525,2050070,3296821,3089488,2783608,2948845,3206477,3198987,3174435,3180125,3017172,2981001,1512378,3114229,3303971,3309227,2572366,1281698,3223955,3275231,3178535,2857248,3327338,3100502,3331028,3340550,3045807,1601406,3197568,3364319,3366462,3265815,3335651,3365441,1582194,3051066,2285398,3084059,2704753,3191893,3275165,3313209,2698121,3331298,3346860,3359846,3401872,3233436
3658896,3513684,3140760,3706239,3731154,3747506,3708724,3750436,3190503,3472970,1563124,0,3167912,3563328,3114571,3649938,1387336,2035778,3391851,3128481,3580220,3756791,3737613,2757984,1901302,3763958,3803389,3512325,3669049,3414797,3048180,3763400,3496523,3743207,3113139,3703876,3310222,3784074,3744775,3664341,3214830,3677037,3724554,3800369,3561539,3656367,3706125,3668983,2647715,3593034,3274461,2458602,3702057,3500042,3193826,3357299,3612061,3605173,3580085,3585789,3426810,2708353,1889966,3524409,3708937,3714357,2977302,1675800,3627143,3677037,3584093,3273680,3731558,3508520,3738898,3748280,3453085,1998706,3602606,3770185,3773070,3671183,3743421,3770205,1968624,3466312,2700792,3493869,3120965,3598163,3677993,3719289,3106845,3738542,3755748,3767952,3807268,3638786
837364,686496,377288,880065,907048,924208,881806,928664,355391,636722,2754194,3167912,0,727756,418611,817584,3035856,2043884,559217,412707,753484,934461,916449,978082,2251112,936552,982455,686483,840777,582673,542166,5641470,663587,923799,435439,882090,475618,962680,923331,841395,379356,856763,904890,978719,734281,840081,885481,843193,1141591,768526,445133,1387916,879779,665962,363950,529083,790423,782281,754663,764913,598004,4551773,2312238,700273,890437,890559,641506,2643228,805023,856361,758073,444214,913038,680046,917554,927206,628299,2130416,777138,950223,951656,850165,922283,948715,2164740,636296,1059964,667773,401087,773505,858281,896477,413981,916392,934506,943902,985428,815156
231660,208014,773004,275501,304114,320164,281794,326400,704633,258934,3153702,3563328,727756,0,811879,210246,3435536,2448136,385355,796481,151982,331381,313983,1366716,2649628,335310,380195,221655,235971,347245,935666,6044426,227195,318327,820193,277472,522934,360258,320541,239531,666428,254263,299624,376203,134955,237421,279625,237435,1527829,166846,567705,1798478,274287,227554,697218,434469,184605,179593,154639,160097,342026,4944937,2704344,188317,286451,289047,1031440,3023578,200895,256643,159789,569108,309452,204978,314484,324126,293209,2510136,174634,346395,349556,245491,317923,347629,2555626,274566,1443220,235625,806625,171397,254431,294925,810725,314552,331848,342462,383114,214342
915527,767201,393999,962086,985333,1003897,965387,1009437,444968,725289,2698435,3114571,418611,811879,0,902053,2979313,1983015,648286,375342,838603,1015014,996806,920051,2201021,1022529,1063446,762254,922004,669656,486837,5586477,750112,1001204,371558,957947,561269,1043949,1002880,918838,468681,932098,982391,1060836,814350,916008,962720,920690,1088176,848399,531774,1322705,956924,753693,439239,609756,869702,861434,834118,844382,685177,4498944,2259545,779444,965796,971624,582319,2587301,880936,935886,842424,523245,991939,768109,996167,1004733,710352,2070501,857895,1030066,1033165,927664,1002692,1031440,2108797,718841,1006515,750754,372378,853656,935440,973382,362760,997141,1013497,1025031,1067209,894257
102994,291086,863350,145153,170132,187136,147680,194592,787443,343820,3236492,3649938,817584,210246,902053,0,3522110,2534244,471629,876523,184430,198817,179327,1451152,2732528,200440,247105,304369,107013,430645,1016718,6125668,314115,187035,902847,147256,601910,227724,187041,108189,747962,121153,169134,243453,223271,104819,152183,110385,1618155,167878,652321,1890016,142931,310720,779960,519535,141063,156111,193873,180259,427012,5029531,2789480,278911,154373,157967,1116854,3106178,120703,123643,176649,652992,178646,294986,182752,189900,376145,2594492,155854,213849,215006,117287,186229,214459,2635384,360160,1525592,319897,889091,163137,121081,163933,904935,182226,199796,210338,250128,102354
3536978,3392672,3008112,3578853,3606736,3623292,3587880,3628578,3057295,3348600,1429526,1387336,3035856,3435536,2979313,3522110,0,1900792,3265985,3000991,3460626,3633123,3616507,2612520,1755996,3641604,3681321,3385945,3546323,3290713,2914138,3839744,3371625,3621725,2982405,3579610,3186774,3664254,3622215,3545091,3086122,3556007,3603964,3677915,3436837,3538925,3583613,3545211,2505307,3471070,3148209,2314502,3580567,3374376,3062844,3237555,3492101,3486455,3458471,3467229,3305592,2797583,1757648,3400617,3590053,3593797,2846702,1515240,3509641,3557601,3460017,3146028,3613374,3388082,3615604,3626882,3333943,1855152,3481294,3649201,3650362,3553391,3622075,3649769,1815696,3339238,2561752,3373045,2987931,3477201,3559189,3597099,2986727,3617698,3631952,3645608,3684036,3519146
2552834,2402016,2016628,2597949,2620096,2635128,2597406,2641182,2062173,2360770,1646578,2035778,2043884,2448136,1983015,2534244,1900792,0,2278343,1997951,2472234,2645767,2627657,1615644,1134838,2653374,2693591,2400071,2556199,2304317,1919668,4497788,2387733,2633663,1983309,2595088,2193182,2674540,2637459,2553799,2096352,2568435,2611206,2691379,2449177,2551421,2597093,2554741,1508629,2486182,2159021,1313748,2590211,2391214,2073122,2246823,2499499,2498577,2473861,2481087,2315854,3447861,1244402,2411069,2601727,2606181,1848496,1531480,2516595,2572909,2476613,2153070,2624100,2402906,2630284,2639154,2349359,1010492,2490158,2661431,2662782,2564923,2634795,2662219,1026368,2351916,1554720,2380775,1992647,2489821,2572935,2609651,1987827,2630356,2646754,2657992,2696808,2529244
482987,341629,605073,528706,555171,571497,533135,577555,536498,299071,2982431,3391851,559217,385355,648286,471629,3265985,2278343,0,628688,405839,579638,564686,1193463,2482027,587939,625932,339500,494806,244722,766873,5873087,321718,569332,654282,528367,366289,607145,568862,488532,505535,505180,549155,623788,385540,482722,530978,490352,1362416,419209,401304,1619687,526590,327491,526601,264004,438438,431270,408574,412982,256175,4776342,2535179,352470,535996,538548,864713,2861353,455970,505568,410252,396521,558235,339051,562005,571893,283140,2347919,426327,593498,595263,500000,566362,595190,2383997,291137,1276687,324750,628928,423132,503388,540738,633932,562115,579351,589021,630303,466695
891393,745903,387189,934306,958477,974205,938305,979677,428676,707859,2720473,3128481,412707,796481,375342,876523,3000991,1997951,628688,0,816983,982974,968944,941203,2216091,993663,1030248,747960,897350,652432,503613,5608785,732050,974454,396920,933801,549775,1011353,975638,894168,455223,906844,953475,1027312,794502,891872,938152,893650,1100266,825051,519484,1347091,931216,735477,437897,600650,842006,839470,815088,823452,665045,4507764,2275625,762862,941080,942036,600805,2601811,860172,909792,820916,521489,961551,747137,969615,977723,697410,2087017,832299,998800,997361,902246,972806,999674,2119921,699315,1020241,731346,365100,831832,912236,950198,382298,967855,984465,996275,1034119,870221
196038,228646,796956,247865,271362,286250,248402,291502,726009,282138,3172166,3580220,753484,151982,838603,184430,3460626,2472234,405839,816983,0,297849,279761,1391502,2671972,303560,343647,246245,208043,370719,955798,6063856,253573,284629,842441,244938,544290,324000,285423,204813,684732,219615,267326,339505,158353,200177,249867,203935,1551675,130740,591669,1821174,242311,252236,715732,454059,153889,145005,126689,124575,365730,4968395,2723392,213245,252409,254169,1052094,3046962,169801,217923,122305,589414,273976,228582,282036,288284,315397,2528122,144848,310457,313196,215619,284389,310105,2571012,295728,1462478,257377,822567,137531,219377,257871,833933,275810,295658,306660,347344,181570
183867,397601,967143,108776,72169,49779,106799,39559,898050,459059,3348201,3756791,934461,331381,1015014,198817,3633123,2645767,579638,982974,297849,0,59316,1561033,2841631,40771,79308,408646,163356,546732,1121331,6233455,426764,48928,1011146,111811,711219,59607,53020,169120,853825,151760,81155,76584,333938,175600,108638,167734,1727238,279645,757872,2005285,111924,418441,884779,632406,250246,262386,300934,289674,530227,5132524,2890315,387504,106542,99668,1224093,3212757,231344,150716,299038,764873,68583,405189,59455,43513,485026,2702405,263839,46600,48613,158542,54736,47338,2742293,469609,1634713,429122,996836,274404,148680,90340,1012362,60715,32699,43159,82719,212073
167413,382039,948225,90510,49389,46671,83511,50807,882634,441249,3331931,3737613,916449,313983,996806,179327,3616507,2627657,564686,968944,279761,59316,0,1544057,2823147,64803,106126,389418,147990,526750,1102815,6216801,410828,46732,995386,96869,693665,86803,48264,155622,837289,136862,65763,103304,316734,159398,93992,153150,1710074,260517,740946,1987077,92848,398679,868733,614032,229868,244888,286388,271960,514867,5117814,2878003,367380,88048,80492,1207249,3196107,213600,134522,281236,746637,51719,386819,44083,49873,468524,2684189,247867,73216,73981,142518,45986,74548,2727331,454141,1616041,411732,984196,257446,128836,71412,998482,43299,58719,69445,110049,192775
1467392,1324042,954252,1510481,1534322,1552384,1511526,1557960,1000571,1280636,2335520,2757984,978082,1366716,920051,1451152,2612520,1615644,1193463,941203,1391502,1561033,1544057,0,1844100,1568840,1609673,1323391,1472395,1217965,848072,5227334,1304705,1550735,924451,1510408,1112572,1590348,1551437,1471965,1023036,1483967,1533036,1606711,1367553,1467327,1513337,1473551,721701,1399004,1085319,957222,1509137,1307138,1005834,1164207,1421685,1417483,1386631,1396271,1238584,4146265,1922620,1329515,1516635,1521977,795894,2232722,1438141,1485397,1388177,1082196,1539966,1315672,1544470,1554280,1259555,1706758,1407568,1576747,1579214,1479319,1550337,1578455,1753010,1272442,652590,1300401,935361,1402493,1485683,1525391,923999,1544150,1560844,1572864,1612752,1446298
2742988,2600430,2225634,2794123,2815676,2831710,2794870,2834742,2275271,2562030,1519294,1901302,2251112,2649628,2201021,2732528,1755996,1134838,2482027,2216091,2671972,2841631,2823147,1844100,0,2850168,2886169,2597165,2755047,2500719,2126194,4355578,2587671,2830067,2199661,2788030,2397974,2869142,2830235,2752725,2299720,2766413,2811706,2884735,2649661,2748999,2792201,2751473,1732301,2682476,2365125,1551960,2787563,2587082,2276322,2446369,2697853,2693613,2665351,2676219,2515280,3319999,1114908,2612649,2796951,2799129,2063110,1401164,2714783,2766893,2672937,2365910,2819456,2598256,2824020,2833278,2545241,1081308,2692258,2853081,2856004,2758805,2826523,2856827,1064164,2551970,1783290,2582819,2203063,2691207,2766043,2805593,2202033,2822788,2840910,2851224,2891824,2728886
191568,406330,974308,113161,79652,54676,112308,49496,905003,463158,3356994,3763958,936552,335310,1022529,200440,3641604,2653374,587939,993663,303560,40771,64803,1568840,2850168,0,67821,413741,169053,550807,1128208,6242104,432885,59477,1021207,120648,718794,48730,60629,178251,862524,160493,90540,64541,341387,184677,119675,174839,1736325,289022,766235,2011956,120013,426006,894210,640241,259619,270037,311247,295967,537328,5140829,2900426,395687,110581,107423,1232728,3222418,240219,160069,307107,773324,76624,412724,70806,52992,490695,2709974,271452,34619,37318,166295,61093,35567,2749792,480074,1638520,437019,1007193,282907,156131,97017,1021033,68442,39314,30450,70606,218276
226629,444259,1010539,156030,119443,96293,153139,87865,945576,507549,3398663,3803389,982455,380195,1063446,247105,3681321,2693591,625932,1030248,343647,79308,106126,1609673,2886169,67821,0,453642,211500,593508,1165463,6280591,476012,98224,1059644,159057,759143,37109,97762,218692,901971,198910,128633,11410,380538,223416,155722,215442,1773910,328423,802820,2052275,160328,466947,932441,679198,299486,305650,346098,341298,576985,5178158,2936333,432754,151496,144508,1272357,3259017,275460,198066,345316,812043,115579,449665,106527,92499,530978,2745955,308273,58092,54743,205878,98706,58286,2788173,517651,1679593,476094,1045062,321718,196394,137790,1059194,108433,81491,65153,12143,257715
316993,184055,720429,362498,380163,391657,362641,401721,655108,212679,3102927,3512325,686483,221655,762254,304369,3385945,2400071,339500,747960,246245,408646,389418,1323391,2597165,413741,453642,0,321522,305020,879203,5996705,184104,395790,767834,360535,472919,434161,395718,321706,613553,334764,377127,450240,222494,318076,360540,322040,1480294,259201,520820,1746709,355930,173511,641389,382398,274920,269998,246464,251346,295797,4897522,2654283,189862,362838,369518,980539,2971801,289592,334488,252030,515139,386467,179399,390013,398597,242756,2460989,268401,421180,423323,329136,395190,420618,2509113,219803,1388817,185594,752924,263608,337802,372918,756712,389643,406845,418081,457069,302235
99893,312741,885475,114978,139563,154745,117155,161437,809614,369611,3260937,3669049,840777,235971,922004,107013,3546323,2556199,494806,897350,208043,163356,147990,1472395,2755047,169053,211500,321522,0,457804,1036825,6148873,334246,154258,925156,117329,627945,193507,152902,84484,767849,91908,135289,207998,243636,88586,119086,82328,1640758,190175,672634,1913537,113098,331221,797995,542646,163240,176676,215106,202018,444695,5050550,2807387,299026,122898,125906,1139347,3130007,143246,91560,200560,674159,146527,317315,150015,158257,398694,2613747,176157,179924,182203,86538,152248,180026,2656373,383243,1547869,342110,908066,184180,92968,131028,926832,148967,164517,175391,214481,122843
449775,305685,632713,492122,519189,536087,497147,542665,561370,259639,3008247,3414797,582673,347245,669656,430645,3290713,2304317,244722,652432,370719,546732,526750,1217965,2500719,550807,593508,305020,457804,0,786845,5900433,284062,536814,679172,492777,389063,572551,536066,458728,532895,467630,514129,590320,350088,452956,496484,457952,1386614,382373,427152,1646971,493598,290493,549107,291022,403316,396014,370904,372950,218467,4802728,2558245,314942,504578,504994,885213,2884197,421798,471058,373848,418163,525941,301497,530123,539215,246978,2371067,393925,560922,563419,464888,533050,562128,2410257,260091,1299353,288116,656200,389272,471516,510246,663000,528161,547255,557849,596659,432935
1030168,882624,509528,1073153,1095456,1111468,1074418,1115572,559895,841606,2626584,3048180,542166,935666,486837,1016718,2914138,1919668,766873,503613,955798,1121331,1102815,848072,2126194,1128208,1165463,879203,1036825,786845,0,5517846,866591,1110853,485627,1071312,675472,1148134,1110637,1035031,579556,1049481,1090462,1163053,933599,1030785,1076719,1034717,1016887,965672,648965,1256748,1069621,871476,564028,731583,984419,980109,952847,961463,795622,4433655,2198370,893269,1077231,1082499,521280,2510462,997175,1046817,958875,648868,1099928,882156,1104796,1111376,824627,1998982,979654,1135307,1135894,1040695,1108943,1133081,2038596,838466,937308,868019,491749,973143,1049717,1087259,489453,1104334,1121568,1127870,1169326,1011934
6136628,5997354,5617182,6182717,6205722,6223418,6188418,6227982,5666467,5960308,4024638,3763400,5641470,6044426,5586477,6125668,3839744,4497788,5873087,5608785,6063856,6233455,6216801,5227334,4355578,6242104,6280591,5996705,6148873,5900433,5517846,0,5982745,6222051,5588595,6181160,5788738,6262842,6222665,6146055,5694992,6161197,6202848,6277329,6040955,6140575,6187209,6147367,5104427,6075316,5749883,4925386,6178349,5979708,5671278,5840355,6091903,6088025,6066113,6072651,5907510,2853191,4347340,6009937,6187629,6192269,5453166,4121476,6109317,6161003,6067319,5752948,6211830,5996456,6217708,6226224,5938585,4458332,6084402,6248221,6251186,6154151,6222371,6248987,4430224,5954372,5172520,5977413,5590857,6079095,6161753,6198841,5589393,6213692,6232700,6242778,6283452,6119792
330881,190423,714763,375676,400935,417805,378469,422493,636826,197627,3080337,3496523,663587,227195,750112,314115,3371625,2387733,321718,732050,253573,426764,410828,1304705,2587671,432885,476012,184104,334246,284062,866591,5982745,0,415324,753438,373751,460065,456205,415294,336922,603527,347730,394477,472978,234458,332472,378780,338868,1469550,262731,513576,1735685,372118,171795,637607,368556,286364,278680,253614,263550,276445,4885242,2643179,198462,381878,388752,965109,2962429,298902,352594,254086,505395,408083,184501,411829,420171,232266,2447639,274847,441554,444239,344712,415862,442356,2492213,213337,1371365,170996,738240,273194,350830,388806,746794,413389,427661,438301,479045,311123
172131,386417,954759,95508,61051,36817,96091,43683,886404,448321,3337823,3743207,923799,318327,1001204,187035,3621725,2633663,569332,974454,284629,48928,46732,1550735,2830067,59477,98224,395790,154258,536814,1110853,6222051,415324,0,998716,99825,697437,78175,39702,155818,841271,134154,67341,94988,320834,161536,94754,153086,1716868,265877,746190,1991609,99668,407117,872527,618740,238880,249772,290154,275898,519391,5120520,2880985,374134,93586,87312,1212967,3201019,219106,140874,284970,749575,56803,393335,46903,41215,473040,2687993,250787,63588,65551,145866,42358,66052,2731233,459093,1621483,416720,986014,263614,133752,75852,1002138,49999,48455,59093,102263,199429
917821,769897,405817,961422,985837,1002277,965663,1008077,453142,735695,2699033,3113139,435439,820193,371558,902847,2982405,1983309,654282,396920,842441,1011146,995386,924451,2199661,1021207,1059644,767834,925156,679172,485627,5588595,753438,998716,0,962301,560961,1038577,1000062,921724,468731,937024,980473,1056372,819548,919870,961540,922786,1088586,853241,529688,1327367,955300,761889,449035,618784,871914,868228,839204,850322,689793,4496418,2260415,788216,965142,968878,584637,2585131,887178,938026,842922,536439,988339,772737,994311,1001847,712128,2062091,863529,1023468,1027767,929696,999664,1025496,2101433,725167,1008777,751426,382872,858950,938762,974322,374698,995455,1011815,1019281,1061949,897865
135536,350158,915784,61821,87378,101748,63732,106866,846339,406416,3293946,3703876,882090,277472,957947,147256,3579610,2595088,528367,933801,244938,111811,96869,1510408,2788030,120648,159057,360535,117329,492777,1071312,6181160,373751,99825,962301,0,661652,141044,99899,118469,803114,97365,79334,156141,281815,124659,60051,114613,1675339,224750,707561,1950164,62625,366894,836246,577893,196545,213385,249591,237147,479548,5085953,2845070,332873,65127,70065,1173470,3163314,177151,99523,238501,713018,88640,352288,93552,104326,434339,2650476,211384,127119,128956,110581,98891,127343,2694266,417660,1583098,375723,947225,223461,93187,73889,959753,93200,111106,123450,163110,155850
617766,476168,517244,660605,686314,700360,664982,705980,453005,440044,2896502,3310222,475618,522934,561269,601910,3186774,2193182,366289,549775,544290,711219,693665,1112572,2397974,718794,759143,472919,627945,389063,675472,5788738,460065,697437,560961,661652,0,741118,696739,623405,414074,634113,679634,755937,519183,618963,664685,624251,1282803,553050,319617,1537940,657689,465616,445394,330685,573635,570247,541341,549737,394902,4695079,2447232,487113,665177,670267,783764,2777178,590049,638127,546765,308530,688694,471704,695918,703552,423597,2265628,563872,726349,728070,632707,698341,726477,2301432,433220,1201784,454625,544267,558875,637559,673223,552761,695012,711912,721686,763210,600500
207262,424538,991346,137333,100264,78290,134750,69786,925225,488434,3378310,3784074,962680,360258,1043949,227724,3664254,2674540,607145,1011353,324000,59607,86803,1590348,2869142,48730,37109,434161,193507,572551,1148134,6262842,456205,78175,1038577,141044,741118,0,78881,197731,882854,178273,108152,34349,360857,204075,136939,195255,1755455,309912,786659,2034786,140957,448222,915050,660713,278849,287459,326667,315623,558646,5159893,2917890,413939,131579,126623,1253136,3241106,256847,180601,325991,792972,97168,430584,89434,73508,512899,2728044,288820,38169,35294,185493,79483,39291,2769158,497756,1661128,459093,1025557,302421,176133,116863,1040609,88726,60194,44700,40726,237938
173919,387967,956535,95902,62153,41479,94145,48283,885944,449477,3339739,3744775,923331,320541,1002880,187041,3622215,2637459,568862,975638,285423,53020,48264,1551437,2830235,60629,97762,395718,152902,536066,1110637,6222665,415294,39702,1000062,99899,696739,78881,0,158478,840403,136456,69513,94394,323774,165604,98882,155882,1715738,266767,746440,1992411,100638,406765,873265,620782,238930,249840,290524,276860,519423,5123732,2884403,373984,94346,86454,1212479,3203471,217314,140280,284782,753117,57185,393627,48093,43829,473162,2688531,251477,65240,68657,145840,44012,66830,2730945,459563,1620357,419042,987030,262268,133962,77902,1001516,49665,51799,62817,102135,199141
94055,309545,879221,122254,145173,159895,122615,167023,808968,368287,3256143,3664341,841395,239531,918838,108189,3545091,2553799,488532,894168,204813,169120,155622,1471965,2752725,178251,218692,321706,84484,458728,1035031,6146055,336922,155818,921724,118469,623405,197731,158478,0,764409,90002,136853,215298,241398,80634,116270,70646,1637082,185491,668316,1904467,119436,332457,797935,537230,156814,174596,210514,198158,443977,5047022,2805917,294180,125280,129618,1133043,3126091,137224,91280,196608,669863,145915,313233,154403,163027,397080,2610675,172319,185572,186187,87206,157760,184618,2651531,379883,1545483,339196,904976,181754,97332,133136,921724,152199,171263,180053,221137,118745
761974,623404,421396,804159,827144,842032,808306,850676,363289,578936,2799606,3214830,379356,666428,468681,747962,3086122,2096352,505535,455223,684732,853825,837289,1023036,2299720,862524,901971,613553,767849,532895,579556,5694992,603527,841271,468731,803114,414074,882854,840403,764409,0,778965,822830,898765,665495,762175,807061,764137,1191323,695372,390003,1430070,803493,606434,349872,472123,714275,714507,686473,692231,537666,4603509,2360662,630627,808209,813339,688664,2686796,731185,780627,687005,394448,833574,617284,838838,846320,566075,2163952,705108,869741,870554,774845,842625,867445,2210194,572756,1104770,602009,448405,704451,780865,817073,455577,838250,853652,863586,906038,743550
107567,321507,893551,99352,124029,139443,102189,145623,819366,380493,3272175,3677037,856763,254263,932098,121153,3556007,2568435,505180,906844,219615,151760,136862,1483967,2766413,160493,198910,334764,91908,467630,1049481,6161197,347730,134154,937024,97365,634113,178273,136456,90002,778965,0,112023,196206,252166,92458,92764,87194,1649778,199519,684768,1923611,97616,343529,805469,552214,170824,186146,223954,211324,455859,5059058,2821165,309808,102800,111476,1145563,3137325,152688,74872,212928,682515,126299,327895,133043,143805,408330,2625277,186791,165698,166311,79958,137964,166370,2667291,393389,1558009,351486,923272,197388,73084,111588,935288,130931,150459,162891,201817,132021
153896,368058,937372,79063,55086,72026,73374,75882,867031,426810,3318272,3724554,904890,299624,982391,169134,3603964,2611206,549155,953475,267326,81155,65763,1533036,2811706,90540,128633,377127,135289,514129,1090462,6202848,394477,67341,980473,79334,679634,108152,69513,136853,822830,112023,0,125887,297951,139079,69451,133623,1695575,246900,727041,1970946,80611,386498,853196,599301,218057,232739,273203,257677,499672,5102527,2864114,354007,73771,64699,1194512,3182406,199827,119537,266463,732376,58512,374504,63062,73180,453241,2670738,232116,95659,97464,126841,67235,97651,2712928,438806,1604114,399489,965967,242031,114331,54357,982373,63390,80928,91564,131810,178476
224691,441757,1008601,152944,116459,93473,150815,84171,943234,504411,3394881,3800369,978719,376203,1060836,243453,3677915,2691379,623788,1027312,339505,76584,103304,1606711,2884735,64541,11410,450240,207998,590320,1163053,6277329,472978,94988,1056372,156141,755937,34349,94394,215298,898765,196206,125887,0,377458,220764,153152,212048,1770856,326195,801088,2048573,157778,464189,930055,675618,296310,302496,343504,338724,573023,5175908,2934357,430304,148782,142170,1268965,3256577,272818,195448,342610,809107,112587,446715,104721,90151,528428,2744413,305307,55164,51913,202874,97300,55178,2785183,514199,1675693,474232,1041808,318926,194146,134814,1056456,105957,77343,62605,15025,255457
239761,202729,772461,284806,309135,325511,286179,328715,701892,263659,3150477,3561539,734281,134955,814350,223271,3436837,2449177,385540,794502,158353,333938,316734,1367553,2649661,341387,380538,222494,243636,350088,933599,6040955,234458,320834,819548,281815,519183,360857,323774,241398,665495,252166,297951,377458,0,237542,282362,243096,1534134,168669,567704,1795361,282350,227995,692195,427170,189406,185218,156984,167920,337789,4944008,2704577,187558,292932,295126,1030583,3020797,207702,258832,161678,563151,312129,203603,318983,325517,292228,2507853,180363,347888,349991,250672,321278,347834,2553039,267323,1439493,234404,796724,179478,260242,300674,807782,315691,334397,344543,383059,218011
87607,304483,874577,128390,152087,166053,132373,171977,803184,366557,3255533,3656367,840081,237421,916008,104819,3538925,2551421,482722,891872,200177,175600,159398,1467327,2748999,184677,223416,318076,88586,452956,1030785,6140575,332472,161536,919870,124659,618963,204075,165604,80634,762175,92458,139079,220764,237542,0,123012,85446,1631560,180953,668378,1902297,124972,327677,791655,534866,152036,168610,210492,194522,441809,5042156,2803531,291350,135510,135754,1131243,3123071,133878,102080,193490,668033,155241,308241,159413,168891,391950,2607773,169443,190768,191325,95102,164850,191658,2653769,377209,1543997,336142,902882,178314,104140,139640,918108,158191,174947,187821,226547,114951
134619,350225,918871,57764,84537,100353,63873,105945,847230,408811,3302015,3706125,885481,279625,962720,152183,3583613,2597093,530978,938152,249867,108638,93992,1513337,2792201,119675,155722,360540,119086,496484,1076719,6187209,378780,94754,961540,60051,664685,136939,98882,116270,807061,92764,69451,153152,282362,123012,0,115802,1678766,227491,708248,1951681,62756,370051,836227,580482,199468,213390,250872,240450,481377,5083484,2845033,336550,65358,68062,1174263,3164067,181600,99920,242834,715299,86621,357585,91781,100941,435932,2651827,212525,123412,125103,109406,95428,124500,2696545,421263,1586811,381442,949322,225396,94496,70768,963916,91541,108801,120511,159309,161329
96851,309597,882999,119576,142213,158519,123491,163167,810062,369793,3257983,3668983,843193,237435,920690,110385,3545211,2554741,490352,893650,203935,167734,153150,1473551,2751473,174839,215442,322040,82328,457952,1034717,6147367,338868,153086,922786,114613,624251,195255,155882,70646,764137,87194,133623,212048,243096,85446,115802,0,1638812,186679,671698,1909467,117176,333325,798761,540956,156330,175538,211162,200244,443371,5047820,2807731,295940,123528,125492,1135055,3127257,138572,94582,197788,673531,143971,313925,150695,160333,395920,2610925,177825,181864,184523,84260,154100,182184,2655113,382469,1547155,340574,907718,185354,93004,133594,921788,148653,168165,178931,217887,121293
1624629,1484499,1105343,1677768,1700903,1717387,1677699,1722843,1159110,1448145,2229141,2647715,1141591,1527829,1088176,1618155,2505307,1508629,1362416,1100266,1551675,1727238,1710074,721701,1732301,1736325,1773910,1480294,1640758,1386614,1016887,5104427,1469550,1716868,1088586,1675339,1282803,1755455,1715738,1637082,1191323,1649778,1695575,1770856,1534134,1631560,1678766,1638812,0,1561521,1245234,839923,1672418,1474609,1167229,1328930,1582622,1571816,1549970,1556160,1396897,4034208,1817433,1496578,1679276,1683144,961491,2120513,1599856,1648522,1553842,1252397,1702091,1482005,1708991,1718649,1428204,1608455,1575851,1740824,1743001,1644072,1713846,1740676,1638433,1434801,665225,1466178,1088820,1569164,1650272,1690008,1087888,1708049,1724323,1736761,1776903,1610615
176386,236876,805650,225751,252110,270252,231068,273432,736505,297114,3188150,3593034,768526,166846,848399,167878,3471070,2486182,419209,825051,130740,279645,260517,1399004,2682476,289022,328423,259201,190175,382373,965672,6075316,262731,265877,853241,224750,553050,309912,266767,185491,695372,199519,246900,326195,168669,180953,227491,186679,1561521,0,603301,1834816,221405,260886,727344,469311,133329,125163,143971,122237,371436,4980173,2736746,225225,231227,234905,1063106,3051606,144551,200851,122195,604052,254144,239708,260052,268262,328079,2540760,125842,295153,295654,192687,265239,295777,2586882,306294,1478762,266413,832511,121255,200143,237863,843173,259588,277918,290672,331744,157972
663423,522039,481559,709458,733517,748979,713697,752705,416870,484781,2860525,3274461,445133,567705,531774,652321,3148209,2159021,401304,519484,591669,757872,740946,1085319,2365125,766235,802820,520820,672634,427152,648965,5749883,513576,746190,529688,707561,319617,786659,746440,668316,390003,684768,727041,801088,567704,668378,708248,671698,1245234,603301,0,1498639,706694,510925,408815,373034,618876,614366,587496,596758,438671,4662566,2419289,532472,715250,718488,744073,2745809,635934,681782,594288,288629,735895,520819,740535,748985,465762,2232045,612159,770190,771925,679188,744012,770074,2268185,477501,1169581,509678,514832,606948,683050,719728,523194,739359,756261,767045,806535,646101
1899220,1749154,1358358,1951527,1977814,1991938,1954498,1998948,1404021,1711942,2050070,2458602,1387916,1798478,1322705,1890016,2314502,1313748,1619687,1347091,1821174,2005285,1987077,957222,1551960,2011956,2052275,1746709,1913537,1646971,1256748,4925386,1735685,1991609,1327367,1950164,1537940,2034786,1992411,1904467,1430070,1923611,1970946,2048573,1795361,1902297,1951681,1909467,839923,1834816,1498639,0,1945561,1740686,1404080,1587609,1853913,1846887,1815697,1827093,1656784,3860043,1643704,1759919,1953325,1958931,1191242,1940576,1869635,1919777,1823673,1500334,1977712,1747564,1985276,1994100,1688835,1430178,1844414,2019891,2020308,1915297,1989945,2020511,1452720,1697024,896902,1730365,1336611,1841499,1925959,1963711,1324901,1982468,2002654,2014924,2055420,1879948
128973,346321,915297,60996,86557,100863,62195,105973,843612,405441,3296821,3702057,879779,274287,956924,142931,3580567,2590211,526590,931216,242311,111924,92848,1509137,2787563,120013,160328,355930,113098,493598,1069621,6178349,372118,99668,955300,62625,657689,140957,100638,119436,803493,97616,80611,157778,282350,124972,62756,117176,1672418,221405,706694,1945561,0,365785,831821,578280,193244,212170,247588,234618,479353,5082656,2842049,332046,65332,70010,1171205,3159105,176844,96814,235558,711713,89461,351383,94527,104269,429796,2647475,211969,129186,130749,106542,99236,128528,2691893,416923,1582573,375526,943774,219312,91358,75614,958274,94961,112099,123177,164369,157257
325512,183780,711488,366873,391504,406852,370796,413948,640805,200852,3089488,3500042,665962,227554,753693,310720,3374376,2391214,327491,735477,252236,418441,398679,1307138,2587082,426006,466947,173511,331221,290493,871476,5979708,171795,407117,761889,366894,465616,448222,406765,332457,606434,343529,386498,464189,227995,327677,370051,333325,1474609,260886,510925,1740686,365785,0,635242,373005,275493,276321,250403,256647,284300,4884795,2641946,191465,373557,378497,973354,2965298,296685,346599,251911,505562,396408,179250,400070,409392,231555,2449060,272644,434713,436470,337615,405677,435321,2496574,214864,1380386,174939,743165,266519,345423,381281,745887,399862,416846,429130,470440,307096
789854,647704,407072,835913,860098,874938,840662,881110,343333,608346,2783608,3193826,363950,697218,439239,779960,3062844,2073122,526601,437897,715732,884779,868733,1005834,2276322,894210,932441,641389,797995,549107,564028,5671278,637607,872527,449035,836246,445394,915050,873265,797935,349872,805469,853196,930055,692195,791655,836227,798761,1167229,727344,408815,1404080,831821,635242,0,494163,746997,741669,711711,723897,558380,4580203,2338636,658043,839343,843733,669300,2656306,764093,810031,719251,413458,862810,647822,865266,877098,592247,2150418,739876,899137,902618,803517,872331,897829,2193358,595910,1087834,628271,429869,733409,808959,849507,443557,865930,885330,895718,936562,772414
534097,385225,567255,581390,603917,621001,581397,627425,504456,344201,2948845,3357299,529083,434469,609756,519535,3237555,2246823,264004,600650,454059,632406,614032,1164207,2446369,640241,679198,382398,542646,291022,731583,5840355,368556,618740,618784,577893,330685,660713,620782,537230,472123,552214,599301,675618,427170,534866,580482,540956,1328930,469311,373034,1587609,578280,373005,494163,0,488620,478762,454992,463162,303073,4745648,2500491,398864,584430,587802,830921,2825307,498682,554324,460810,361809,608395,382823,614011,623105,331252,2305693,476419,646060,649477,547812,619186,646666,2354877,336183,1249595,366644,601096,474392,556778,594202,601878,612231,632365,641493,681511,515891
